# Device: {'path': '/dev/ttyACM0', 'speed': 9600, 'driver': 'u-blox'}
      Date      HMS Lat          Lon            Elev    Speed Nsat Mode  Herr Verr Temp
2023-07-18 03:55:27.100000 28.20975717 -82.36392883    28.90   0.00    6   3   17.0  47.8 64.452  
2023-07-18 03:55:28.200000 28.20975650 -82.36392833    29.00   0.00    6   3   17.0  47.8 65.528  
2023-07-18 03:55:29 28.20975583 -82.36392817    29.10   0.07    6   3   17.0  47.8 65.528  
2023-07-18 03:55:30 28.20975600 -82.36392767    29.10   0.08    6   3   17.0  47.8 65.528  
2023-07-18 03:55:31.100000 28.20975583 -82.36392733    29.00   0.00    6   3   17.0  47.8 65.528  
2023-07-18 03:55:32.100000 28.20975600 -82.36392683    29.00   0.00    6   3   17.0  47.8 65.528  
2023-07-18 03:55:33.100000 28.20975667 -82.36392600    28.90   0.00    6   3   17.0  47.8 65.528  
2023-07-18 03:55:34 28.20975617 -82.36392600    29.00   0.08    6   3   17.0  47.8 65.528  
2023-07-18 03:55:35 28.20975650 -82.36392533    29.00   0.05    6   3   17.0  47.8 65.528  
2023-07-18 03:55:36 28.20975650 -82.36392483    29.00   0.00    6   3   17.0  47.8 66.066  
2023-07-18 03:55:37.100000 28.20975650 -82.36392450    28.90   0.00    6   3   17.0  47.8 66.066  
2023-07-18 03:55:38.100000 28.20975667 -82.36392417    28.90   0.00    6   3   17.0  47.8 66.604  
2023-07-18 03:55:39.100000 28.20975783 -82.36392300    28.80   0.00    6   3   17.0  47.8 66.604  
2023-07-18 03:55:40 28.20975767 -82.36392283    28.80   0.06    6   3   17.0  47.8 66.604  
2023-07-18 03:55:41 28.20975717 -82.36392300    28.80   0.02    6   3   17.0  47.8 66.604  
2023-07-18 03:55:42.100000 28.20975717 -82.36392233    28.80   0.00    6   3   17.0  47.8 66.604  
2023-07-18 03:55:43.100000 28.20975633 -82.36392267    28.90   0.00    6   3   17.0  47.8 66.604  
2023-07-18 03:55:44.100000 28.20975600 -82.36392233    28.80   0.00    6   3   17.0  47.8 66.604  
2023-07-18 03:55:45 28.20975583 -82.36392217    28.70   0.02    6   3   17.0  47.8 67.142  
2023-07-18 03:55:46 28.20975583 -82.36392167    28.60   0.05    6   3   17.0  47.8 66.604  
2023-07-18 03:55:47.100000 28.20975617 -82.36392117    28.50   0.00    6   3   17.0  47.8 66.604  
2023-07-18 03:55:48.100000 28.20975583 -82.36392083    28.60   0.00    6   3   17.0  47.8 66.604  
2023-07-18 03:55:49.100000 28.20975550 -82.36392067    28.60   0.00    6   3   17.0  47.8 66.604  
2023-07-18 03:55:50 28.20975500 -82.36392067    28.60   0.08    6   3   17.0  47.8 66.604  
2023-07-18 03:55:51 28.20975517 -82.36392033    28.70   0.14    6   3   17.0  47.8 67.680  
2023-07-18 03:55:52 28.20975450 -82.36392000    28.70   0.06    6   3   17.0  47.8 67.142  
2023-07-18 03:55:53.100000 28.20975400 -82.36391983    28.90   0.00    6   3   17.0  47.8 66.604  
2023-07-18 03:55:54.100000 28.20975417 -82.36391950    29.00   0.00    6   3   17.0  48.1 66.604  
2023-07-18 03:55:55.100000 28.20975467 -82.36391917    29.00   0.00    6   3   17.0  48.1 66.604  
2023-07-18 03:55:56 28.20975483 -82.36391883    29.00   0.04    6   3   17.0  48.1 66.604  
2023-07-18 03:55:57 28.20975517 -82.36391850    29.10   0.12    6   3   17.0  48.1 66.604  
2023-07-18 03:55:58.100000 28.20975550 -82.36391833    29.10   0.00    6   3   17.0  48.1 66.604  
2023-07-18 03:55:59.100000 28.20975567 -82.36391833    29.10   0.00    6   3   17.0  48.1 67.142  
2023-07-18 03:56:00.100000 28.20975617 -82.36391850    29.20   0.00    6   3   17.0  48.1 67.142  
2023-07-18 03:56:01 28.20975617 -82.36391850    29.20   0.02    6   3   17.0  48.1 67.142  
2023-07-18 03:56:02 28.20975633 -82.36391883    29.30   0.14    6   3   17.0  48.1 67.142  
2023-07-18 03:56:03 28.20975633 -82.36391900    29.30   0.08    6   3   17.0  48.1 67.680  
2023-07-18 03:56:04.100000 28.20975617 -82.36391917    29.40   0.00    6   3   17.0  48.1 67.680  
2023-07-18 03:56:05.100000 28.20975617 -82.36391933    29.50   0.00    6   3   17.0  48.1 67.680  
2023-07-18 03:56:06.200000 28.20975600 -82.36391933    29.60   0.00    6   3   17.0  48.1 67.680  
2023-07-18 03:56:07 28.20975600 -82.36391983    29.70   0.14    6   3   17.0  48.1 67.142  
2023-07-18 03:56:08 28.20975567 -82.36392033    29.90   0.14    6   3   17.0  48.1 67.142  
2023-07-18 03:56:09.100000 28.20975550 -82.36392067    30.00   0.00    6   3   17.0  48.1 66.604  
2023-07-18 03:56:10.100000 28.20975500 -82.36392100    30.10   0.00    6   3   17.0  48.1 67.680  
2023-07-18 03:56:11 28.20975450 -82.36392150    30.20   0.06    6   3   17.0  48.1 67.680  
2023-07-18 03:56:12 28.20975450 -82.36392200    30.40   0.11    6   3   17.0  48.1 67.680  
2023-07-18 03:56:13 28.20975467 -82.36392250    30.70   0.06    6   3   17.0  48.1 67.680  
2023-07-18 03:56:14.100000 28.20975517 -82.36392333    30.90   0.00    6   3   17.0  48.1 67.680  
2023-07-18 03:56:15.100000 28.20975550 -82.36392383    31.00   0.00    6   3   17.0  48.1 67.142  
2023-07-18 03:56:16.100000 28.20975583 -82.36392417    31.10   0.00    6   3   17.0  48.1 67.680  
2023-07-18 03:56:17 28.20975567 -82.36392467    31.20   0.03    6   3   17.0  48.1 67.680  
2023-07-18 03:56:18 28.20975550 -82.36392483    31.30   0.16    6   3   17.0  48.1 67.142  
2023-07-18 03:56:19.100000 28.20975583 -82.36392583    31.40   0.00    6   3   17.0  48.1 67.142  
2023-07-18 03:56:20.100000 28.20975467 -82.36392667    31.50   0.00    6   3   17.0  48.1 67.142  
2023-07-18 03:56:21.100000 28.20975533 -82.36392717    31.60   0.00    6   3   17.0  48.1 67.142  
2023-07-18 03:56:22 28.20975617 -82.36392800    31.80   0.03    6   3   17.0  48.1 68.218  
2023-07-18 03:56:23 28.20975650 -82.36392867    32.00   0.13    6   3   17.0  48.1 67.680  
2023-07-18 03:56:24.100000 28.20975700 -82.36392933    32.10   0.00    6   3   17.0  48.1 67.142  
2023-07-18 03:56:25.100000 28.20975717 -82.36392983    32.20   0.00    6   3   17.0  48.1 66.604  
2023-07-18 03:56:26 28.20975733 -82.36393033    32.30   0.02    6   3   17.0  48.1 67.680  
2023-07-18 03:56:27 28.20975800 -82.36393117    32.60   0.08    6   3   17.0  48.1 67.680  
2023-07-18 03:56:28.100000 28.20975783 -82.36393217    32.70   0.00    6   3   17.0  48.1 67.680  
2023-07-18 03:56:29.100000 28.20975783 -82.36393267    32.90   0.00    6   3   17.0  48.1 67.680  
2023-07-18 03:56:30.200000 28.20975833 -82.36393300    33.20   0.00    6   3   17.0  48.1 67.680  
2023-07-18 03:56:31 28.20975933 -82.36393350    33.40   0.09    6   3   17.0  48.1 66.604  
2023-07-18 03:56:32 28.20976033 -82.36393417    33.60   0.05    6   3   17.0  48.1 67.680  
2023-07-18 03:56:33.100000 28.20976100 -82.36393467    33.70   0.00    6   3   16.8  48.1 67.680  
2023-07-18 03:56:34.100000 28.20976150 -82.36393533    33.90   0.00    6   3   16.8  48.1 67.680  
2023-07-18 03:56:35 28.20976200 -82.36393583    34.10   0.18    6   3   16.8  48.3 68.218  
2023-07-18 03:56:36 28.20976317 -82.36393633    34.20   0.07    6   3   16.8  48.3 68.756  
2023-07-18 03:56:37 28.20976417 -82.36393667    34.30   0.12    6   3   16.8  48.3 67.680  
2023-07-18 03:56:38.100000 28.20976450 -82.36393717    34.50   0.00    6   3   16.8  48.3 67.680  
2023-07-18 03:56:39.100000 28.20976417 -82.36393800    34.50   0.00    6   3   16.8  48.3 67.680  
2023-07-18 03:56:40 28.20976483 -82.36393883    34.60   0.01    6   3   16.8  48.3 68.218  
2023-07-18 03:56:41 28.20976467 -82.36393917    34.70   0.02    6   3   16.8  48.3 68.218  
2023-07-18 03:56:42 28.20976500 -82.36393967    34.90   0.02    6   3   16.8  48.3 66.604  
2023-07-18 03:56:43.100000 28.20976483 -82.36394017    34.80   0.00    6   3   16.8  48.3 67.680  
2023-07-18 03:56:44.100000 28.20976533 -82.36394050    34.90   0.00    6   3   16.8  48.3 67.680  
2023-07-18 03:56:45 28.20976550 -82.36394067    35.00   0.07    6   3   16.8  48.3 68.756  
2023-07-18 03:56:46 28.20976617 -82.36394100    35.10   0.06    6   3   16.8  48.3 68.218  
2023-07-18 03:56:47 28.20976617 -82.36394100    35.10   0.06    6   3   16.8  48.3 67.680  
2023-07-18 03:56:48.100000 28.20976683 -82.36394133    35.20   0.00    6   3   16.7  48.3 68.218  
2023-07-18 03:56:49.100000 28.20976717 -82.36394167    35.30   0.00    6   3   16.7  48.3 68.218  
2023-07-18 03:56:50 28.20976750 -82.36394183    35.40   0.14    6   3   16.7  48.3 67.680  
2023-07-18 03:56:51 28.20976833 -82.36394200    35.50   0.06    6   3   16.7  48.3 67.680  
2023-07-18 03:56:52 28.20976883 -82.36394217    35.60   0.15    6   3   16.7  48.3 68.218  
2023-07-18 03:56:53.100000 28.20976900 -82.36394217    35.70   0.00    6   3   16.7  48.3 67.680  
2023-07-18 03:56:54.100000 28.20976933 -82.36394217    35.70   0.00    6   3   16.7  48.3 67.680  
2023-07-18 03:56:55.100000 28.20976867 -82.36394217    35.70   0.00    6   3   16.7  48.3 67.680  
2023-07-18 03:56:56 28.20976833 -82.36394200    35.70   0.04    6   3   16.7  48.3 67.680  
2023-07-18 03:56:57 28.20976817 -82.36394183    35.70   0.14    6   3   16.7  48.3 67.680  
2023-07-18 03:56:58.100000 28.20976883 -82.36394167    35.70   0.00    6   3   16.7  48.3 68.218  
2023-07-18 03:56:59.100000 28.20976950 -82.36394150    35.70   0.00    6   3   16.7  48.3 67.680  
2023-07-18 03:57:00.100000 28.20976983 -82.36394117    35.70   0.00    6   3   16.7  48.3 67.680  
2023-07-18 03:57:01 28.20977033 -82.36394100    35.60   0.10    6   3   16.7  48.3 67.680  
2023-07-18 03:57:02 28.20977117 -82.36394117    35.50   0.09    6   3   16.7  48.3 67.680  
2023-07-18 03:57:03.100000 28.20977233 -82.36394150    35.60   0.00    6   3   16.7  48.3 68.218  
2023-07-18 03:57:04.100000 28.20977317 -82.36394183    35.50   0.00    6   3   16.7  48.3 67.680  
2023-07-18 03:57:05.100000 28.20977400 -82.36394200    35.50   0.00    6   3   16.7  48.3 68.218  
2023-07-18 03:57:06 28.20977433 -82.36394233    35.50   0.07    6   3   16.7  48.3 67.680  
2023-07-18 03:57:07 28.20977500 -82.36394267    35.60   0.17    6   3   16.7  48.3 67.680  
2023-07-18 03:57:08.100000 28.20977600 -82.36394283    35.60   0.00    6   3   16.7  48.3 67.680  
2023-07-18 03:57:09.100000 28.20977700 -82.36394283    35.50   0.00    6   3   16.7  48.3 67.680  
2023-07-18 03:57:10.100000 28.20977817 -82.36394267    35.40   0.00    6   3   16.7  48.3 67.680  
2023-07-18 03:57:11 28.20977900 -82.36394267    35.30   0.19    6   3   16.7  48.3 67.680  
2023-07-18 03:57:12 28.20977967 -82.36394250    35.30   0.03    6   3   16.7  48.3 68.218  
2023-07-18 03:57:13 28.20978033 -82.36394250    35.30   0.08    6   3   16.7  48.3 67.680  
2023-07-18 03:57:14.100000 28.20978050 -82.36394217    35.10   0.00    6   3   16.7  48.5 68.218  
2023-07-18 03:57:15.100000 28.20978050 -82.36394200    35.00   0.00    6   3   16.7  48.5 67.680  
2023-07-18 03:57:16 28.20978050 -82.36394200    34.90   0.02    6   3   16.7  48.5 67.680  
2023-07-18 03:57:17 28.20978117 -82.36394200    34.80   0.02    6   3   16.7  48.5 67.680  
2023-07-18 03:57:18 28.20978133 -82.36394183    34.70   0.04    6   3   16.7  48.5 67.680  
2023-07-18 03:57:19.100000 28.20978100 -82.36394183    34.60   0.00    6   3   16.7  48.5 67.680  
2023-07-18 03:57:20.100000 28.20978117 -82.36394183    34.60   0.00    6   3   16.7  48.5 68.218  
2023-07-18 03:57:21 28.20978150 -82.36394217    34.60   0.07    6   3   16.7  48.5 67.680  
2023-07-18 03:57:22 28.20978183 -82.36394183    34.50   0.03    6   3   16.7  48.5 68.756  
2023-07-18 03:57:23 28.20978217 -82.36394183    34.50   0.12    6   3   16.7  48.5 68.756  
2023-07-18 03:57:24.100000 28.20978250 -82.36394167    34.60   0.00    6   3   16.7  48.5 68.218  
2023-07-18 03:57:25.100000 28.20978300 -82.36394133    34.60   0.00    6   3   16.7  48.5 68.756  
2023-07-18 03:57:26.100000 28.20978333 -82.36394100    34.70   0.00    6   3   16.7  48.5 68.218  
2023-07-18 03:57:27 28.20978350 -82.36394100    34.70   0.07    6   3   16.7  48.5 67.680  
2023-07-18 03:57:28 28.20978383 -82.36394100    34.80   0.01    6   3   16.7  48.5 68.218  
2023-07-18 03:57:29.100000 28.20978400 -82.36394100    34.80   0.00    6   3   16.7  48.5 68.756  
2023-07-18 03:57:30.100000 28.20978400 -82.36394100    34.90   0.00    6   3   16.7  48.5 68.218  
2023-07-18 03:57:31.100000 28.20978417 -82.36394117    34.90   0.00    6   3   16.7  48.5 68.756  
2023-07-18 03:57:32 28.20978400 -82.36394133    35.00   0.10    6   3   16.7  48.5 68.756  
2023-07-18 03:57:33 28.20978383 -82.36394133    35.00   0.10    6   3   16.7  48.5 67.680  
2023-07-18 03:57:34.100000 28.20978300 -82.36394150    35.00   0.00    6   3   16.7  48.5 68.756  
2023-07-18 03:57:35.100000 28.20978250 -82.36394167    34.90   0.00    6   3   16.7  48.5 68.218  
2023-07-18 03:57:36.100000 28.20978250 -82.36394183    34.90   0.00    6   3   16.7  48.5 67.680  
2023-07-18 03:57:37 28.20978250 -82.36394183    34.90   0.04    6   3   16.7  48.5 68.218  
2023-07-18 03:57:38 28.20978217 -82.36394200    34.90   0.01    6   3   16.7  48.5 67.680  
2023-07-18 03:57:39 28.20978150 -82.36394233    34.90   0.01    6   3   16.7  48.5 68.218  
2023-07-18 03:57:40.100000 28.20978083 -82.36394283    34.80   0.00    6   3   16.7  48.5 68.756  
2023-07-18 03:57:41.100000 28.20978050 -82.36394300    34.90   0.00    6   3   16.7  48.5 68.756  
2023-07-18 03:57:42.100000 28.20977983 -82.36394333    34.90   0.00    6   3   16.7  48.5 68.218  
2023-07-18 03:57:43 28.20977950 -82.36394367    34.90   0.08    6   3   16.7  48.5 68.756  
2023-07-18 03:57:44 28.20977883 -82.36394433    34.90   0.11    6   3   16.7  48.5 68.756  
2023-07-18 03:57:45.100000 28.20977800 -82.36394500    34.80   0.00    6   3   16.7  48.5 68.756  
2023-07-18 03:57:46.100000 28.20977750 -82.36394533    34.80   0.00    6   3   16.7  48.5 68.756  
2023-07-18 03:57:47.100000 28.20977700 -82.36394567    34.70   0.00    6   3   16.7  48.5 68.756  
2023-07-18 03:57:48 28.20977633 -82.36394600    34.60   0.03    6   3   16.7  48.5 68.218  
2023-07-18 03:57:49 28.20977567 -82.36394617    34.50   0.01    6   3   16.7  48.5 68.756  
2023-07-18 03:57:50 28.20977467 -82.36394617    34.40   0.09    6   3   16.7  48.5 68.756  
2023-07-18 03:57:51.100000 28.20977417 -82.36394633    34.20   0.00    6   3   16.7  48.5 68.756  
2023-07-18 03:57:52.100000 28.20977367 -82.36394633    34.00   0.00    6   3   16.7  48.8 68.756  
2023-07-18 03:57:53 28.20977317 -82.36394650    33.90   0.01    6   3   16.7  48.8 68.756  
2023-07-18 03:57:54 28.20977267 -82.36394683    33.80   0.07    6   3   16.7  48.8 68.756  
2023-07-18 03:57:55 28.20977233 -82.36394717    33.70   0.03    6   3   16.7  48.8 68.756  
2023-07-18 03:57:56.100000 28.20977150 -82.36394767    33.50   0.00    6   3   16.7  48.8 68.756  
2023-07-18 03:57:57.100000 28.20977100 -82.36394783    33.30   0.00    6   3   16.7  48.8 68.756  
2023-07-18 03:57:58 28.20977083 -82.36394783    33.20   0.07    6   3   16.7  48.8 68.218  
2023-07-18 03:57:59 28.20977017 -82.36394817    33.10   0.01    6   3   16.7  48.8 68.756  
2023-07-18 03:58:00 28.20976967 -82.36394833    32.80   0.07    6   3   16.7  48.8 68.756  
2023-07-18 03:58:01.100000 28.20976900 -82.36394850    32.70   0.00    6   3   16.7  48.8 68.756  
2023-07-18 03:58:02.100000 28.20976900 -82.36394850    32.50   0.00    6   3   16.7  48.8 67.680  
2023-07-18 03:58:03.100000 28.20976900 -82.36394867    32.20   0.00    6   3   16.7  48.8 68.756  
2023-07-18 03:58:04 28.20976900 -82.36394850    32.10   0.04    6   3   16.7  48.8 68.218  
2023-07-18 03:58:05 28.20976867 -82.36394867    32.00   0.09    6   3   16.7  48.8 68.756  
2023-07-18 03:58:06.100000 28.20976817 -82.36394867    31.80   0.00    6   3   16.7  48.8 68.756  
2023-07-18 03:58:07.100000 28.20976767 -82.36394867    31.60   0.00    6   3   16.7  48.8 68.218  
2023-07-18 03:58:08.100000 28.20976717 -82.36394900    31.40   0.00    6   3   16.7  48.8 68.756  
2023-07-18 03:58:09 28.20976700 -82.36394917    31.20   0.08    6   3   16.7  48.8 68.756  
2023-07-18 03:58:10 28.20976650 -82.36394967    30.90   0.06    6   3   16.7  48.8 68.756  
2023-07-18 03:58:11.100000 28.20976617 -82.36394983    30.60   0.00    6   3   16.7  48.8 68.756  
2023-07-18 03:58:12.100000 28.20976583 -82.36395000    30.50   0.00    6   3   16.6  48.8 68.756  
2023-07-18 03:58:13.100000 28.20976550 -82.36395033    30.10   0.00    6   3   16.6  48.8 68.756  
2023-07-18 03:58:14 28.20976500 -82.36395050    29.80   0.03    6   3   16.6  48.8 68.218  
2023-07-18 03:58:15 28.20976417 -82.36395083    29.30   0.08    6   3   16.6  48.8 68.756  
2023-07-18 03:58:16.100000 28.20976400 -82.36395150    28.90   0.00    6   3   16.6  48.8 68.218  
2023-07-18 03:58:17.100000 28.20976400 -82.36395217    28.50   0.00    6   3   16.6  48.8 68.756  
2023-07-18 03:58:18.100000 28.20976417 -82.36395283    28.10   0.00    6   3   16.6  48.8 68.756  
2023-07-18 03:58:19 28.20976333 -82.36395333    27.70   0.03    6   3   16.6  48.8 68.756  
2023-07-18 03:58:20 28.20976250 -82.36395383    27.40   0.04    6   3   16.6  48.8 67.680  
2023-07-18 03:58:21.100000 28.20976183 -82.36395450    27.00   0.00    6   3   16.6  48.8 68.756  
2023-07-18 03:58:22.100000 28.20976133 -82.36395517    26.70   0.00    6   3   16.7  48.8 68.756  
2023-07-18 03:58:23 28.20976083 -82.36395550    26.40   0.07    6   3   16.7  48.8 68.756  
2023-07-18 03:58:24 28.20976083 -82.36395583    26.20   0.02    6   3   16.7  48.8 68.218  
2023-07-18 03:58:25 28.20976067 -82.36395583    26.00   0.07    6   3   16.7  48.8 67.680  
2023-07-18 03:58:26.100000 28.20976017 -82.36395567    25.70   0.00    6   3   16.7  48.8 68.756  
2023-07-18 03:58:27.100000 28.20976033 -82.36395567    25.60   0.00    6   3   16.7  48.8 68.756  
2023-07-18 03:58:28 28.20976056 -82.36395590    25.39   0.00    6   3   16.7  48.8 68.756  
2023-07-18 03:58:29 28.20976050 -82.36395600    25.40   0.00    6   3   16.7  48.8 67.680  
2023-07-18 03:58:30 28.20976017 -82.36395600    25.30   0.05    6   3   16.7  49.0 67.680  
2023-07-18 03:58:31.100000 28.20976000 -82.36395633    25.20   0.00    6   3   16.7  49.0 68.756  
2023-07-18 03:58:32.100000 28.20976000 -82.36395617    25.10   0.00    6   3   16.7  49.0 68.756  
2023-07-18 03:58:33 28.20975967 -82.36395633    24.90   0.03    6   3   16.7  49.0 68.756  
2023-07-18 03:58:34 28.20975950 -82.36395650    24.90   0.05    6   3   16.7  49.0 68.756  
2023-07-18 03:58:35 28.20975933 -82.36395667    24.90   0.02    6   3   16.7  49.0 68.756  
2023-07-18 03:58:36.100000 28.20975917 -82.36395683    24.80   0.00    6   3   16.7  49.0 68.756  
2023-07-18 03:58:37.100000 28.20975917 -82.36395683    24.70   0.00    6   3   16.7  49.0 68.756  
2023-07-18 03:58:38 28.20975983 -82.36395633    24.60   0.03    6   3   16.7  49.0 68.756  
2023-07-18 03:58:39 28.20976050 -82.36395633    24.40   0.03    6   3   16.7  49.0 68.756  
2023-07-18 03:58:40 28.20976100 -82.36395633    24.30   0.12    6   3   16.8  49.0 68.218  
2023-07-18 03:58:41.100000 28.20976017 -82.36395650    24.40   0.00    6   3   16.8  49.0 68.756  
2023-07-18 03:58:42.100000 28.20976017 -82.36395633    24.40   0.00    6   3   16.8  49.0 68.756  
2023-07-18 03:58:43 28.20976017 -82.36395617    24.40   0.02    6   3   16.8  49.0 68.756  
2023-07-18 03:58:44 28.20976000 -82.36395600    24.40   0.09    6   3   16.8  49.0 68.756  
2023-07-18 03:58:45.100000 28.20976033 -82.36395550    24.40   0.00    6   3   16.8  49.0 69.294  
2023-07-18 03:58:46.100000 28.20976083 -82.36395500    24.30   0.00    6   3   16.8  49.0 68.756  
2023-07-18 03:58:47.100000 28.20976150 -82.36395450    24.30   0.00    6   3   16.8  49.0 67.680  
2023-07-18 03:58:48 28.20976200 -82.36395367    24.20   0.05    6   3   16.8  49.0 68.756  
2023-07-18 03:58:49 28.20976233 -82.36395333    24.30   0.03    6   3   16.8  49.0 69.294  
2023-07-18 03:58:50.100000 28.20976267 -82.36395283    24.50   0.00    6   3   16.8  49.0 68.756  
2023-07-18 03:58:51.100000 28.20976367 -82.36395233    24.50   0.00    6   3   16.8  49.0 68.756  
2023-07-18 03:58:52.100000 28.20976467 -82.36395167    24.40   0.00    6   3   16.8  49.0 68.756  
2023-07-18 03:58:53 28.20976517 -82.36395133    24.40   0.08    6   3   16.8  49.0 68.756  
2023-07-18 03:58:54 28.20976633 -82.36395067    24.30   0.02    6   3   16.8  49.0 68.756  
2023-07-18 03:58:55 28.20976733 -82.36394983    24.30   0.03    6   3   16.8  49.0 68.218  
2023-07-18 03:58:56.100000 28.20976783 -82.36394917    24.30   0.00    6   3   16.8  49.0 68.756  
2023-07-18 03:58:57.100000 28.20976833 -82.36394867    24.20   0.00    6   3   16.8  49.0 67.680  
2023-07-18 03:58:58 28.20976900 -82.36394833    24.20   0.03    6   3   16.8  49.0 68.756  
2023-07-18 03:58:59 28.20976950 -82.36394800    24.20   0.04    6   3   16.8  49.0 68.756  
2023-07-18 03:59:00.100000 28.20977017 -82.36394767    24.20   0.00    5   3   17.1  76.8 68.756  
2023-07-18 03:59:01.100000 28.20977067 -82.36394700    24.20   0.00    5   3   17.1  76.8 68.756  
2023-07-18 03:59:02.100000 28.20977117 -82.36394633    24.40   0.00    5   3   17.1  76.8 68.756  
2023-07-18 03:59:03 28.20977167 -82.36394600    24.50   0.06    5   3   17.1  76.8 68.756  
2023-07-18 03:59:04 28.20977250 -82.36394567    24.40   0.04    5   3   17.1  76.8 68.218  
2023-07-18 03:59:05 28.20977350 -82.36394533    24.30   0.04    5   3   17.1  76.8 69.294  
2023-07-18 03:59:06.100000 28.20977450 -82.36394500    24.30   0.00    5   3   17.1  76.8 68.756  
2023-07-18 03:59:07.100000 28.20977550 -82.36394450    24.20   0.00    5   3   17.1  76.8 68.756  
2023-07-18 03:59:08.100000 28.20977650 -82.36394400    24.10   0.00    5   3   17.1  77.0 69.294  
2023-07-18 03:59:09 28.20977750 -82.36394350    24.20   0.08    5   3   17.1  77.0 68.756  
2023-07-18 03:59:10 28.20977850 -82.36394283    24.30   0.10    5   3   17.1  77.0 69.294  
2023-07-18 03:59:11.100000 28.20977933 -82.36394233    24.50   0.00    5   3   17.1  77.0 68.756  
2023-07-18 03:59:12.100000 28.20977983 -82.36394167    24.50   0.00    5   3   17.2  77.0 68.756  
2023-07-18 03:59:13.100000 28.20978050 -82.36394117    24.50   0.00    5   3   17.2  77.0 67.680  
2023-07-18 03:59:14 28.20978117 -82.36394083    24.60   0.02    5   3   17.2  77.0 68.756  
2023-07-18 03:59:15 28.20978183 -82.36394017    24.60   0.06    5   3   17.2  77.0 68.756  
2023-07-18 03:59:16.100000 28.20978267 -82.36393950    24.70   0.00    5   3   17.2  77.0 68.218  
2023-07-18 03:59:17.100000 28.20978350 -82.36393850    24.70   0.00    6   3   16.9  49.2 68.756  
2023-07-18 03:59:18 28.20978417 -82.36393767    24.70   0.08    5   3   16.9  77.0 68.756  
2023-07-18 03:59:19 28.20978483 -82.36393700    24.80   0.07    5   3   17.2  77.0 68.756  
2023-07-18 03:59:20 28.20978583 -82.36393633    24.90   0.01    5   3   17.2  77.0 68.756  
2023-07-18 03:59:21.100000 28.20978683 -82.36393583    24.90   0.00    5   3   17.2  77.0 69.294  
2023-07-18 03:59:22.100000 28.20978733 -82.36393517    25.00   0.00    5   3   17.2  77.0 68.756  
2023-07-18 03:59:23 28.20978800 -82.36393467    24.90   0.04    5   3   17.2  77.0 68.756  
2023-07-18 03:59:24 28.20978833 -82.36393417    25.00   0.04    5   3   17.2  77.0 68.756  
2023-07-18 03:59:25.100000 28.20978917 -82.36393383    25.00   0.00    5   3   17.2  77.3 68.756  
2023-07-18 03:59:26.100000 28.20978967 -82.36393350    25.10   0.00    5   3   17.2  77.3 68.756  
2023-07-18 03:59:27.100000 28.20979017 -82.36393317    25.20   0.00    5   3   17.2  77.3 68.756  
2023-07-18 03:59:28 28.20979050 -82.36393283    25.30   0.07    5   3   17.2  77.3 69.294  
2023-07-18 03:59:29 28.20979100 -82.36393233    25.40   0.01    5   3   17.2  77.3 68.756  
2023-07-18 03:59:30.100000 28.20979167 -82.36393200    25.40   0.00    5   3   17.2  77.3 68.756  
2023-07-18 03:59:31.100000 28.20979217 -82.36393150    25.50   0.00    6   3   16.7  49.2 68.756  
2023-07-18 03:59:32.100000 28.20979233 -82.36393133    25.60   0.00    6   3   16.7  49.2 69.294  
2023-07-18 03:59:33 28.20979250 -82.36393083    25.80   0.06    6   3   16.7  49.2 69.294  
2023-07-18 03:59:34 28.20979267 -82.36393067    26.00   0.05    6   3   16.7  49.2 69.294  
2023-07-18 03:59:35.100000 28.20979300 -82.36393033    26.20   0.00    6   3   16.7  49.2 68.756  
2023-07-18 03:59:36.100000 28.20979350 -82.36393017    26.40   0.00    6   3   16.6  49.2 68.756  
2023-07-18 03:59:37.100000 28.20979367 -82.36393000    26.60   0.00    6   3   16.6  49.2 69.294  
2023-07-18 03:59:38 28.20979383 -82.36393000    26.70   0.07    6   3   16.6  49.2 69.294  
2023-07-18 03:59:39 28.20979383 -82.36392983    26.70   0.04    6   3   16.5  49.2 68.756  
2023-07-18 03:59:40.100000 28.20979333 -82.36392983    26.80   0.00    6   3   16.5  49.2 68.756  
2023-07-18 03:59:41.100000 28.20979333 -82.36392967    27.00   0.00    6   3   16.5  49.5 68.756  
2023-07-18 03:59:42.100000 28.20979350 -82.36393000    27.10   0.00    6   3   16.5  49.5 68.756  
2023-07-18 03:59:43 28.20979367 -82.36393000    27.30   0.04    6   3   16.5  49.5 68.756  
2023-07-18 03:59:44 28.20979383 -82.36393017    27.50   0.09    6   3   16.5  49.5 68.756  
2023-07-18 03:59:45 28.20979400 -82.36393000    27.50   0.05    6   3   16.5  49.5 69.294  
2023-07-18 03:59:46.100000 28.20979467 -82.36393017    27.60   0.00    6   3   16.5  49.5 69.294  
2023-07-18 03:59:47.100000 28.20979500 -82.36393033    27.60   0.00    6   3   16.5  49.5 69.294  
2023-07-18 03:59:48 28.20979450 -82.36393083    27.60   0.11    6   3   16.5  49.5 69.294  
2023-07-18 03:59:49 28.20979433 -82.36393100    27.60   0.05    6   3   16.5  49.5 68.756  
2023-07-18 03:59:50.100000 28.20979433 -82.36393133    27.60   0.00    6   3   16.5  49.5 69.832  
2023-07-18 03:59:51.100000 28.20979467 -82.36393183    27.60   0.00    6   3   16.5  49.5 69.294  
2023-07-18 03:59:52.100000 28.20979483 -82.36393217    27.60   0.00    6   3   16.5  49.5 69.294  
2023-07-18 03:59:53 28.20979517 -82.36393233    27.50   0.15    6   3   16.5  49.5 69.294  
2023-07-18 03:59:54 28.20979517 -82.36393250    27.50   0.04    6   3   16.5  49.5 68.756  
2023-07-18 03:59:55.100000 28.20979550 -82.36393233    27.50   0.00    6   3   16.5  49.5 68.756  
2023-07-18 03:59:56.100000 28.20979517 -82.36393250    27.50   0.00    6   3   16.5  49.5 68.756  
2023-07-18 03:59:57.100000 28.20979467 -82.36393217    27.60   0.00    6   3   16.5  49.5 68.756  
2023-07-18 03:59:58 28.20979450 -82.36393200    27.70   0.08    6   3   16.5  49.5 68.756  
2023-07-18 03:59:59 28.20979350 -82.36393183    27.90   0.20    6   3   16.5  49.5 68.756  
2023-07-18 04:00:00.100000 28.20979450 -82.36393200    28.20   0.00    6   3   16.5  49.5 69.294  
2023-07-18 04:00:01.100000 28.20979467 -82.36393200    28.30   0.00    6   3   16.5  49.5 68.756  
2023-07-18 04:00:02 28.20979383 -82.36393167    -9999.00   0.07    6   2   16.5  -9999.00 68.756
2023-07-18 04:00:03 28.20979150 -82.36393167    28.50   0.07    6   3   12.3  75.2 68.756  
2023-07-18 04:00:04 28.20978900 -82.36393133    28.30   0.03    6   3   13.0  75.2 68.756  
2023-07-18 04:00:05.100000 28.20978650 -82.36393117    28.20   0.00    7   3   12.3  48.3 69.294  
2023-07-18 04:00:06.100000 28.20978517 -82.36393083    28.20   0.00    7   3   12.3  48.3 69.294  
2023-07-18 04:00:07.100000 28.20978383 -82.36393067    28.10   0.00    7   3   12.3  48.3 69.294  
2023-07-18 04:00:08 28.20978283 -82.36393050    28.10   0.04    7   3   12.3  48.3 69.294  
2023-07-18 04:00:09 28.20978167 -82.36392983    28.00   0.05    7   3   12.3  48.3 68.756  
2023-07-18 04:00:10.100000 28.20978017 -82.36392950    27.90   0.00    7   3   12.3  48.3 68.756  
2023-07-18 04:00:11.100000 28.20977967 -82.36392883    27.80   0.00    7   3   12.3  48.3 68.756  
2023-07-18 04:00:12.100000 28.20977917 -82.36392817    27.70   0.00    7   3   12.3  48.3 68.756  
2023-07-18 04:00:13 28.20977833 -82.36392767    27.70   0.07    7   3   12.3  48.3 68.756  
2023-07-18 04:00:14 28.20977733 -82.36392717    27.70   0.01    7   3   12.3  48.3 68.756  
2023-07-18 04:00:15 28.20977717 -82.36392700    27.60   0.05    7   3   12.3  48.3 69.294  
2023-07-18 04:00:16.100000 28.20977667 -82.36392633    27.50   0.00    7   3   12.3  48.3 69.294  
2023-07-18 04:00:17.100000 28.20977650 -82.36392533    27.40   0.00    7   3   12.3  48.3 69.294  
2023-07-18 04:00:18 28.20977633 -82.36392500    27.30   0.03    6   3   13.0  75.4 69.294  
2023-07-18 04:00:19 28.20977617 -82.36392433    27.20   0.02    6   3   13.0  75.4 69.294  
2023-07-18 04:00:20.100000 28.20977600 -82.36392350    27.00   0.00    6   3   13.0  75.4 68.756  
2023-07-18 04:00:21.100000 28.20977617 -82.36392267    26.90   0.00    6   3   13.0  75.4 68.756  
2023-07-18 04:00:22.100000 28.20977617 -82.36392200    26.70   0.00    6   3   13.0  75.4 68.756  
2023-07-18 04:00:23 28.20977617 -82.36392133    26.60   0.05    6   3   12.3  49.0 68.756  
2023-07-18 04:00:24 28.20977617 -82.36392050    26.40   0.02    6   3   12.8  49.0 68.756  
2023-07-18 04:00:25.100000 28.20977617 -82.36391967    26.20   0.00    6   3   12.8  49.0 68.756  
2023-07-18 04:00:26.100000 28.20977617 -82.36391883    26.00   0.00    7   3   12.3  48.5 68.218  
2023-07-18 04:00:27 28.20977633 -82.36391767    25.70   0.06    7   3   12.3  48.5 69.832  
2023-07-18 04:00:28.100000 28.20977617 -82.36391667    25.50   0.00    6   3   12.8  49.2 70.908  
2023-07-18 04:00:29.100000 28.20977633 -82.36391583    25.30   0.00    6   3   12.8  49.2 70.908  
2023-07-18 04:00:30.100000 28.20977650 -82.36391500    25.10   0.00    6   3   12.8  49.2 70.370  
2023-07-18 04:00:31 28.20977650 -82.36391500    25.10   0.07    7   3   12.3  48.5 70.370  
2023-07-18 04:00:32 28.20977633 -82.36391500    25.20   0.06    7   3   12.3  48.5 69.294  
2023-07-18 04:00:33.100000 28.20977583 -82.36391450    25.10   0.00    6   3   12.8  49.2 69.294  
2023-07-18 04:00:34.100000 28.20977567 -82.36391383    25.10   0.00    6   3   12.8  49.2 69.832  
2023-07-18 04:00:35.100000 28.20977550 -82.36391300    25.00   0.00    6   3   12.8  49.2 68.756  
2023-07-18 04:00:36 28.20977533 -82.36391250    24.90   0.04    6   3   12.8  49.2 69.832  
2023-07-18 04:00:37 28.20977517 -82.36391183    24.70   0.02    6   3   12.8  49.2 69.294  
2023-07-18 04:00:38.100000 28.20977483 -82.36391100    24.80   0.00    6   3   12.8  49.2 69.294  
2023-07-18 04:00:39.100000 28.20977417 -82.36391033    24.70   0.00    6   3   12.8  49.2 69.832  
2023-07-18 04:00:40 28.20977417 -82.36391000    24.70   0.07    6   3   12.8  49.2 69.832  
2023-07-18 04:00:41 28.20977300 -82.36391000    24.90   0.04    6   3   12.8  49.2 69.832  
2023-07-18 04:00:42 28.20977217 -82.36391017    25.20   0.09    6   3   12.8  49.2 68.756  
2023-07-18 04:00:43.100000 28.20977150 -82.36391000    25.40   0.00    6   3   12.8  49.2 69.294  
2023-07-18 04:00:44.100000 28.20977117 -82.36390983    25.50   0.00    6   3   12.8  49.2 69.832  
2023-07-18 04:00:45.100000 28.20977100 -82.36390967    25.60   0.00    6   3   12.8  49.2 69.294  
2023-07-18 04:00:46 28.20977067 -82.36390950    25.70   0.06    7   3   12.3  48.8 68.756  
2023-07-18 04:00:47 28.20977033 -82.36390883    25.80   0.06    7   3   12.3  48.8 69.294  
2023-07-18 04:00:48.100000 28.20976983 -82.36390867    25.90   0.00    7   3   12.3  48.8 69.294  
2023-07-18 04:00:49.100000 28.20976967 -82.36390900    26.10   0.00    7   3   12.3  48.8 68.756  
2023-07-18 04:00:50.100000 28.20976933 -82.36390917    26.20   0.00    7   3   12.3  48.8 68.756  
2023-07-18 04:00:51 28.20976883 -82.36390933    26.30   0.03    7   3   12.3  48.8 68.756  
2023-07-18 04:00:52 28.20976850 -82.36390933    26.40   0.01    7   3   12.3  48.8 69.294  
2023-07-18 04:00:53.100000 28.20976767 -82.36390967    26.70   0.00    7   3   12.3  48.8 69.294  
2023-07-18 04:00:54.100000 28.20976700 -82.36391000    26.90   0.00    7   3   12.3  48.8 69.832  
2023-07-18 04:00:55.100000 28.20976650 -82.36391067    27.20   0.00    7   3   12.3  48.8 69.294  
2023-07-18 04:00:56 28.20976617 -82.36391117    27.50   0.01    7   3   12.3  48.8 69.832  
2023-07-18 04:00:57 28.20976567 -82.36391167    27.70   0.01    7   3   12.3  48.8 68.756  
2023-07-18 04:00:58 28.20976517 -82.36391250    28.00   0.03    7   3   12.3  48.8 69.294  
2023-07-18 04:00:59.100000 28.20976467 -82.36391283    28.30   0.00    7   3   12.3  48.8 69.294  
2023-07-18 04:01:00.100000 28.20976433 -82.36391267    28.50   0.00    7   3   12.3  48.8 69.294  
2023-07-18 04:01:01.100000 28.20976400 -82.36391283    28.80   0.00    7   3   12.3  48.8 69.294  
2023-07-18 04:01:02 28.20976333 -82.36391283    29.10   0.04    7   3   12.3  48.8 69.294  
2023-07-18 04:01:03 28.20976283 -82.36391300    29.30   0.07    7   3   12.3  48.8 68.756  
2023-07-18 04:01:04.100000 28.20976217 -82.36391317    29.60   0.00    7   3   12.4  48.8 68.756  
2023-07-18 04:01:05.100000 28.20976183 -82.36391350    29.80   0.00    7   3   12.4  48.8 69.294  
2023-07-18 04:01:06.100000 28.20976167 -82.36391350    29.80   0.00    7   3   12.4  49.0 69.832  
2023-07-18 04:01:07 28.20976150 -82.36391350    30.00   0.05    7   3   12.4  49.0 68.756  
2023-07-18 04:01:08 28.20976150 -82.36391333    30.10   0.03    7   3   12.4  49.0 68.756  
2023-07-18 04:01:06.200000 28.20976150 -82.36391350    30.10   0.00    7   3   12.4  49.0 68.756  
2023-07-18 04:01:07.100000 28.20976150 -82.36391367    30.20   0.00    7   3   12.4  49.0 68.756  
2023-07-18 04:01:08.100000 28.20976133 -82.36391417    30.40   0.00    7   3   12.4  49.0 69.294  
2023-07-18 04:01:09 28.20976100 -82.36391483    30.40   0.04    7   3   12.4  49.0 69.294  
2023-07-18 04:01:10 28.20976100 -82.36391517    30.50   0.03    7   3   12.4  49.0 69.294  
2023-07-18 04:01:11 28.20976050 -82.36391517    30.50   0.06    7   3   12.4  49.0 69.294  
2023-07-18 04:01:12.100000 28.20976050 -82.36391533    30.50   0.00    7   3   12.4  49.0 68.756  
2023-07-18 04:01:13.100000 28.20976000 -82.36391517    30.60   0.00    7   3   12.4  49.0 69.294  
2023-07-18 04:01:14 28.20975967 -82.36391517    30.50   0.03    7   3   12.4  49.0 69.294  
2023-07-18 04:01:15 28.20975917 -82.36391500    30.40   0.01    7   3   12.3  49.0 69.294  
2023-07-18 04:01:16 28.20975867 -82.36391533    30.40   0.01    7   3   12.3  49.0 69.832  
2023-07-18 04:01:17.100000 28.20975833 -82.36391500    30.20   0.00    7   3   12.3  49.0 69.294  
2023-07-18 04:01:18.100000 28.20975817 -82.36391550    30.20   0.00    7   3   12.3  49.0 68.756  
2023-07-18 04:01:19.100000 28.20975783 -82.36391583    30.10   0.00    7   3   12.3  49.0 69.294  
2023-07-18 04:01:20 28.20975733 -82.36391600    30.20   0.04    7   3   12.3  49.0 69.832  
2023-07-18 04:01:21 28.20975750 -82.36391550    30.10   0.02    7   3   12.3  49.0 68.756  
2023-07-18 04:01:22.100000 28.20975733 -82.36391517    30.20   0.00    7   3   12.3  49.0 69.294  
2023-07-18 04:01:23.100000 28.20975700 -82.36391567    30.40   0.00    7   3   12.3  49.0 69.294  
2023-07-18 04:01:24.100000 28.20975617 -82.36391617    30.50   0.00    7   3   12.3  49.0 68.756  
2023-07-18 04:01:25 28.20975600 -82.36391633    30.50   0.06    7   3   12.3  49.0 69.294  
2023-07-18 04:01:26 28.20975583 -82.36391650    30.60   0.05    7   3   12.3  49.0 69.294  
2023-07-18 04:01:27.100000 28.20975517 -82.36391683    30.70   0.00    7   3   12.3  49.2 69.294  
2023-07-18 04:01:28.100000 28.20975467 -82.36391717    30.80   0.00    7   3   12.4  49.2 69.294  
2023-07-18 04:01:29.100000 28.20975467 -82.36391700    30.70   0.00    7   3   12.4  49.2 69.294  
2023-07-18 04:01:30 28.20975450 -82.36391700    30.70   0.04    7   3   12.4  49.2 69.294  
2023-07-18 04:01:31 28.20975417 -82.36391700    30.70   0.04    7   3   12.4  49.2 69.832  
2023-07-18 04:01:32 28.20975450 -82.36391633    30.40   0.05    7   3   12.4  49.2 69.294  
2023-07-18 04:01:33.100000 28.20975483 -82.36391583    30.20   0.00    7   3   12.4  49.2 69.294  
2023-07-18 04:01:34.100000 28.20975483 -82.36391550    30.10   0.00    7   3   12.4  49.2 69.294  
2023-07-18 04:01:35.200000 28.20975488 -82.36391531    29.92   0.00    7   3   12.4  49.2 69.294  
2023-07-18 04:01:36 28.20975433 -82.36391550    30.10   0.01    7   3   12.4  49.2 69.294  
2023-07-18 04:01:37 28.20975450 -82.36391500    30.00   0.03    7   3   12.4  49.2 69.294  
2023-07-18 04:01:38.100000 28.20975433 -82.36391467    29.90   0.00    7   3   12.4  49.2 68.756  
2023-07-18 04:01:39.100000 28.20975400 -82.36391383    30.00   0.00    7   3   12.4  49.2 69.294  
2023-07-18 04:01:40.100000 28.20975433 -82.36391350    29.80   0.00    7   3   12.4  49.2 68.756  
2023-07-18 04:01:41 28.20975433 -82.36391400    29.90   0.03    7   3   12.4  49.2 69.832  
2023-07-18 04:01:42 28.20975450 -82.36391400    29.90   0.08    7   3   12.5  49.2 69.294  
2023-07-18 04:01:43.100000 28.20975450 -82.36391400    29.80   0.00    7   3   12.5  49.2 69.832  
2023-07-18 04:01:44.100000 28.20975467 -82.36391400    29.70   0.00    7   3   12.5  49.9 69.832  
2023-07-18 04:01:45 28.20975533 -82.36391400    29.60   0.07    7   3   12.5  49.2 69.832  
2023-07-18 04:01:46 28.20975533 -82.36391417    29.60   0.04    7   3   12.5  49.2 69.832  
2023-07-18 04:01:47.100000 28.20975567 -82.36391417    29.40   0.00    7   3   12.5  49.2 69.832  
2023-07-18 04:01:48.100000 28.20975567 -82.36391450    29.40   0.00    7   3   12.5  49.2 69.832  
2023-07-18 04:01:49.100000 28.20975550 -82.36391450    29.50   0.00    7   3   12.5  49.2 69.832  
2023-07-18 04:01:50 28.20975533 -82.36391417    29.50   0.08    7   3   12.5  49.5 69.832  
2023-07-18 04:01:51 28.20975583 -82.36391350    29.30   0.04    7   3   12.5  49.5 69.832  
2023-07-18 04:01:52 28.20975567 -82.36391350    29.40   0.07    7   3   12.5  49.5 69.294  
2023-07-18 04:01:53.100000 28.20975600 -82.36391267    29.20   0.00    7   3   12.5  49.5 69.832  
2023-07-18 04:01:54.100000 28.20975650 -82.36391200    29.00   0.00    7   3   12.5  49.5 70.370  
2023-07-18 04:01:55 28.20975700 -82.36391117    28.90   0.05    7   3   12.5  49.5 70.370  
2023-07-18 04:01:56 28.20975750 -82.36391033    28.70   0.09    7   3   12.5  49.5 69.294  
2023-07-18 04:01:57.100000 28.20975750 -82.36391067    28.70   0.00    7   3   12.5  49.5 69.832  
2023-07-18 04:01:58.100000 28.20975783 -82.36391050    28.60   0.00    7   3   12.5  49.5 69.832  
2023-07-18 04:01:59 28.20975817 -82.36391033    28.40   0.02    7   3   12.5  49.5 69.294  
2023-07-18 04:02:00 28.20975867 -82.36391067    28.40   0.06    7   3   12.5  49.5 69.832  
2023-07-18 04:02:01 28.20975900 -82.36391100    28.20   0.05    7   3   12.5  49.5 69.832  
2023-07-18 04:02:02.100000 28.20975917 -82.36391167    28.20   0.00    7   3   12.5  49.5 69.832  
2023-07-18 04:02:03.100000 28.20975900 -82.36391217    28.10   0.00    7   3   12.5  49.5 69.832  
2023-07-18 04:02:04.100000 28.20975933 -82.36391267    28.00   0.00    7   3   12.5  49.5 69.294  
2023-07-18 04:02:05 28.20975967 -82.36391333    27.80   0.02    7   3   12.5  49.5 69.294  
2023-07-18 04:02:06 28.20975983 -82.36391400    27.70   0.01    7   3   12.5  49.5 69.832  
2023-07-18 04:02:07.100000 28.20975983 -82.36391500    27.70   0.00    7   3   12.5  49.5 70.370  
2023-07-18 04:02:08.100000 28.20975983 -82.36391583    27.80   0.00    7   3   12.5  49.5 69.832  
2023-07-18 04:02:09.100000 28.20976017 -82.36391650    27.70   0.00    7   3   12.5  49.5 69.832  
2023-07-18 04:02:10 28.20976050 -82.36391733    27.60   0.04    7   3   12.5  49.5 69.294  
2023-07-18 04:02:11 28.20976083 -82.36391800    27.50   0.04    7   3   12.5  49.5 69.832  
2023-07-18 04:02:12.100000 28.20976117 -82.36391867    27.30   0.00    7   3   12.5  49.5 69.832  
2023-07-18 04:02:13.100000 28.20976100 -82.36391933    27.30   0.00    7   3   12.5  49.7 70.370  
2023-07-18 04:02:14 28.20976200 -82.36391983    27.10   0.11    7   3   12.5  49.7 69.832  
2023-07-18 04:02:15 28.20976267 -82.36392067    26.80   0.06    7   3   12.5  49.7 69.832  
2023-07-18 04:02:16.100000 28.20976267 -82.36392150    26.70   0.00    7   3   12.5  49.7 69.832  
2023-07-18 04:02:17.100000 28.20976250 -82.36392250    26.70   0.00    7   3   12.5  49.7 69.832  
2023-07-18 04:02:18.200000 28.20976267 -82.36392333    26.70   0.00    7   3   12.5  49.7 69.294  
2023-07-18 04:02:19 28.20976283 -82.36392383    26.60   0.05    7   3   12.5  49.7 70.370  
2023-07-18 04:02:20 28.20976283 -82.36392467    26.70   0.04    7   3   12.5  49.7 69.832  
2023-07-18 04:02:21.100000 28.20976333 -82.36392500    26.60   0.00    7   3   12.5  49.7 69.832  
2023-07-18 04:02:22.100000 28.20976333 -82.36392533    26.60   0.00    7   3   12.5  49.7 70.370  
2023-07-18 04:02:23.100000 28.20976333 -82.36392600    26.60   0.00    7   3   12.5  49.7 69.832  
2023-07-18 04:02:24 28.20976333 -82.36392650    26.60   0.09    7   3   12.5  49.7 69.832  
2023-07-18 04:02:25 28.20976367 -82.36392683    26.50   0.03    7   3   12.5  49.7 69.832  
2023-07-18 04:02:26.100000 28.20976400 -82.36392767    26.40   0.00    7   3   12.5  49.7 69.832  
2023-07-18 04:02:27.100000 28.20976417 -82.36392833    26.30   0.00    7   3   12.4  49.7 69.832  
2023-07-18 04:02:28.100000 28.20976467 -82.36392867    26.10   0.00    7   3   12.4  49.7 69.832  
2023-07-18 04:02:29 28.20976500 -82.36392883    25.90   0.03    7   3   12.4  49.7 69.832  
2023-07-18 04:02:30 28.20976517 -82.36392917    25.70   0.07    7   3   12.4  49.7 69.832  
2023-07-18 04:02:31.100000 28.20976517 -82.36392917    25.70   0.00    7   3   12.4  49.7 69.832  
2023-07-18 04:02:32.100000 28.20976517 -82.36392967    25.60   0.00    7   3   12.4  49.7 69.832  
2023-07-18 04:02:33 28.20976517 -82.36393000    25.60   0.04    7   3   12.4  49.7 70.370  
2023-07-18 04:02:34 28.20976550 -82.36393033    25.40   0.05    7   3   12.4  49.7 70.370  
2023-07-18 04:02:35 28.20976567 -82.36393000    25.30   0.07    7   3   12.4  49.7 70.370  
2023-07-18 04:02:36.100000 28.20976567 -82.36393067    25.40   0.00    7   3   12.4  49.9 69.832  
2023-07-18 04:02:37.200000 28.20976550 -82.36393100    25.40   0.00    7   3   12.3  49.9 69.832  
2023-07-18 04:02:38 28.20976533 -82.36393117    25.40   0.04    7   3   12.3  49.9 69.832  
2023-07-18 04:02:39.100000 28.20976500 -82.36393117    25.40   0.00    7   3   12.3  49.9 69.832  
2023-07-18 04:02:40.100000 28.20976517 -82.36393117    25.40   0.00    7   3   12.3  49.9 69.832  
2023-07-18 04:02:41.100000 28.20976533 -82.36393117    25.50   0.00    7   3   12.3  49.9 69.832  
2023-07-18 04:02:42 28.20976550 -82.36393100    25.50   0.03    7   3   12.3  49.9 69.832  
2023-07-18 04:02:43 28.20976567 -82.36393117    25.50   0.09    7   3   12.3  49.9 69.832  
2023-07-18 04:02:44.100000 28.20976650 -82.36393050    25.20   0.00    7   3   12.3  49.9 69.832  
2023-07-18 04:02:45.100000 28.20976717 -82.36393033    25.10   0.00    7   3   12.3  49.9 69.832  
2023-07-18 04:02:46 28.20976717 -82.36393100    25.10   0.01    7   3   12.3  49.9 69.832  
2023-07-18 04:02:47 28.20976733 -82.36393183    25.00   0.09    7   3   12.3  49.9 70.370  
2023-07-18 04:02:48.100000 28.20976750 -82.36393233    24.90   0.00    6   3   15.3  40.0 70.370  
2023-07-18 04:02:49.100000 28.20976733 -82.36393283    25.00   0.00    7   3   12.8  40.0 70.908  
2023-07-18 04:02:50.100000 28.20976700 -82.36393350    25.00   0.00    8   3   10.9  38.0 70.370  
2023-07-18 04:02:51 28.20976717 -82.36393400    25.10   0.04    8   3   12.8  40.0 69.832  
2023-07-18 04:02:52 28.20976717 -82.36393467    25.10   0.07    8   3   12.8  38.0 70.370  
2023-07-18 04:02:53.100000 28.20976750 -82.36393450    24.90   0.00    8   3   10.9  38.0 70.908  
2023-07-18 04:02:54.100000 28.20976800 -82.36393433    24.80   0.00    8   3   10.9  38.0 69.832  
2023-07-18 04:02:55 28.20976855 -82.36393391    24.66   0.00    8   3   10.9  38.0 69.832  
2023-07-18 04:02:56 28.20976883 -82.36393333    24.60   0.10    8   3   10.9  38.0 69.832  
2023-07-18 04:02:57.100000 28.20976867 -82.36393333    24.60   0.00    8   3   10.9  38.0 70.370  
2023-07-18 04:02:58.100000 28.20976833 -82.36393333    24.60   0.00    8   3   10.9  38.0 70.370  
2023-07-18 04:02:59.100000 28.20976833 -82.36393350    24.50   0.00    8   3   10.9  38.0 70.908  
2023-07-18 04:03:00 28.20976783 -82.36393383    24.50   0.05    8   3   10.9  38.0 69.294  
2023-07-18 04:03:01 28.20976783 -82.36393400    24.40   0.06    8   3   10.9  38.0 69.832  
2023-07-18 04:03:02.100000 28.20976833 -82.36393350    24.40   0.00    8   3   10.9  44.9 69.832  
2023-07-18 04:03:03.100000 28.20976833 -82.36393350    24.60   0.00    8   3   11.0  44.9 69.832  
2023-07-18 04:03:04.100000 28.20976833 -82.36393417    24.80   0.00    8   3   11.0  44.9 70.370  
2023-07-18 04:03:05 28.20976817 -82.36393367    24.90   0.06    8   3   11.5  44.9 69.832  
2023-07-18 04:03:06 28.20976833 -82.36393367    25.00   0.01    8   3   11.5  44.9 69.832  
2023-07-18 04:03:07.100000 28.20976817 -82.36393383    25.10   0.00    8   3   11.0  44.9 69.832  
2023-07-18 04:03:08.100000 28.20976833 -82.36393317    25.10   0.00    8   3   11.0  44.9 69.294  
2023-07-18 04:03:09 28.20976850 -82.36393283    25.20   0.06    2   3   11.5  44.9 69.832  
2023-07-18 04:03:10 28.20976850 -82.36393317    25.40   0.05    8   3   11.5  44.9 70.908  
2023-07-18 04:03:11.100000 28.20976900 -82.36393350    25.60   0.00    8   3   11.0  44.9 70.370  
2023-07-18 04:03:12.100000 28.20976950 -82.36393317    25.80   0.00    8   3   11.0  44.9 70.908  
2023-07-18 04:03:13 28.20977000 -82.36393350    26.00   0.03    8   3   11.5  44.9 70.908  
2023-07-18 04:03:14 28.20977017 -82.36393300    26.20   0.07    8   3   11.5  44.9 69.832  
2023-07-18 04:03:15 28.20977000 -82.36393400    26.40   0.07    8   3   11.5  44.9 69.832  
2023-07-18 04:03:16.100000 28.20977017 -82.36393433    26.70   0.00    8   3   11.0  44.9 69.832  
2023-07-18 04:03:17.100000 28.20977017 -82.36393517    26.90   0.00    8   3   11.0  44.9 69.832  
2023-07-18 04:03:18 28.20977017 -82.36393500    27.10   0.06    8   3   11.5  44.9 69.832  
2023-07-18 04:03:19 28.20977033 -82.36393383    27.10   0.04    8   3   11.5  44.9 69.832  
2023-07-18 04:03:20.100000 28.20977067 -82.36393300    27.10   0.00    8   3   11.0  44.9 69.832  
2023-07-18 04:03:21.100000 28.20977083 -82.36393333    27.20   0.00    8   3   11.0  44.9 69.832  
2023-07-18 04:03:22.100000 28.20977083 -82.36393367    27.30   0.00    8   3   11.0  44.9 70.370  
2023-07-18 04:03:23 28.20977083 -82.36393400    27.30   0.04    8   3   11.5  44.9 69.832  
2023-07-18 04:03:24 28.20977100 -82.36393467    27.50   0.07    8   3   11.5  44.9 70.908  
2023-07-18 04:03:25.100000 28.20977150 -82.36393417    27.60   0.00    8   3   11.0  44.9 70.908  
2023-07-18 04:03:26.100000 28.20977083 -82.36393367    27.50   0.00    8   3   11.0  44.9 69.832  
2023-07-18 04:03:27.100000 28.20977067 -82.36393350    27.60   0.00    8   3   11.0  44.9 70.370  
2023-07-18 04:03:28 28.20977083 -82.36393350    27.60   0.04    8   3   11.5  45.1 69.832  
2023-07-18 04:03:29 28.20977100 -82.36393317    27.60   0.05    8   3   11.5  45.1 69.832  
2023-07-18 04:03:30.100000 28.20977117 -82.36393383    27.90   0.00    8   3   11.0  45.1 69.832  
2023-07-18 04:03:31.100000 28.20977133 -82.36393400    28.10   0.00    8   3   11.0  45.1 70.370  
2023-07-18 04:03:32.100000 28.20977183 -82.36393367    28.20   0.00    8   3   11.0  38.2 70.370  
2023-07-18 04:03:33 28.20977217 -82.36393383    28.30   0.04    8   3   11.0  38.2 69.832  
2023-07-18 04:03:34 28.20977233 -82.36393417    28.30   0.07    8   3   10.9  38.2 69.832  
2023-07-18 04:03:35.100000 28.20977283 -82.36393450    28.30   0.00    8   3   11.0  38.2 69.832  
2023-07-18 04:03:36.100000 28.20977300 -82.36393483    28.30   0.00    8   3   11.0  38.2 69.832  
2023-07-18 04:03:37 28.20977300 -82.36393500    28.40   0.03    8   3   11.6  45.1 69.832  
2023-07-18 04:03:38 28.20977333 -82.36393500    28.60   0.03    8   3   11.6  45.1 69.832  
2023-07-18 04:03:39.100000 28.20977383 -82.36393467    28.80   0.00    8   3   11.0  45.1 69.832  
2023-07-18 04:03:40.100000 28.20977433 -82.36393450    29.00   0.00    8   3   11.0  45.1 70.370  
2023-07-18 04:03:41.100000 28.20977483 -82.36393367    29.10   0.00    8   3   11.0  45.1 69.832  
2023-07-18 04:03:42 28.20977500 -82.36393283    29.30   0.07    8   3   11.6  45.1 69.832  
2023-07-18 04:03:43 28.20977500 -82.36393267    29.40   0.04    8   3   11.6  45.1 70.908  
2023-07-18 04:03:44.100000 28.20977500 -82.36393300    29.60   0.00    8   3   11.0  38.2 69.832  
2023-07-18 04:03:45.100000 28.20977533 -82.36393300    29.70   0.00    8   3   11.0  40.2 70.370  
2023-07-18 04:03:46 28.20977583 -82.36393300    -9999.00   0.07    7   2   12.8  -9999.00 69.832
2023-07-18 04:03:47 28.20977567 -82.36393333    29.70   0.06    7   3   12.8  40.5 69.832  
2023-07-18 04:03:48 28.20977583 -82.36393350    29.70   0.05    7   3   12.8  40.5 69.832  
2023-07-18 04:03:49.100000 28.20977550 -82.36393400    29.60   0.00    7   3   12.8  40.5 70.370  
2023-07-18 04:03:50.100000 28.20977567 -82.36393367    29.40   0.00    7   3   12.8  40.5 70.370  
2023-07-18 04:03:51 28.20977550 -82.36393367    29.30   0.04    7   3   12.8  40.5 69.832  
2023-07-18 04:03:52 28.20977433 -82.36393417    29.50   0.07    7   3   12.8  40.5 70.908  
2023-07-18 04:03:53.100000 28.20977333 -82.36393467    29.50   0.00    7   3   12.8  40.5 69.832  
2023-07-18 04:03:54.100000 28.20977283 -82.36393450    29.40   0.00    8   3   11.0  38.2 69.832  
2023-07-18 04:03:55.100000 28.20977133 -82.36393533    29.50   0.00    8   3   11.0  40.5 69.832  
2023-07-18 04:03:56 28.20977100 -82.36393517    29.50   0.04    8   3   11.0  38.2 69.832  
2023-07-18 04:03:57 28.20977133 -82.36393467    29.40   0.04    8   3   12.8  40.5 69.832  
2023-07-18 04:03:58.100000 28.20977067 -82.36393517    29.50   0.00    7   3   12.8  40.5 69.832  
2023-07-18 04:03:59.100000 28.20976900 -82.36393667    30.00   0.00    7   3   12.8  40.5 70.370  
2023-07-18 04:04:00 28.20976850 -82.36393733    30.10   0.08    7   3   12.8  40.5 69.832  
2023-07-18 04:04:01 28.20976800 -82.36393783    30.30   0.07    7   3   12.8  40.5 70.908  
2023-07-18 04:04:02.100000 28.20976800 -82.36393767    30.30   0.00    7   3   12.8  40.5 69.832  
2023-07-18 04:04:03.100000 28.20976767 -82.36393783    30.50   0.00    7   3   12.8  40.5 69.832  
2023-07-18 04:04:04 28.20976783 -82.36393767    30.60   0.01    7   3   12.8  40.5 69.832  
2023-07-18 04:04:05 28.20976800 -82.36393733    30.60   0.04    6   3   17.2  40.5 70.370  
2023-07-18 04:04:06.100000 28.20976733 -82.36393767    30.90   0.00    6   3   17.2  40.5 69.832  
2023-07-18 04:04:07.100000 28.20976750 -82.36393717    30.80   0.00    6   3   17.2  40.5 69.832  
2023-07-18 04:04:08.100000 28.20976700 -82.36393750    30.90   0.00    7   3   14.0  38.4 70.908  
2023-07-18 04:04:09 28.20976633 -82.36393817    31.10   0.13    7   3   14.0  38.4 70.370  
2023-07-18 04:04:10 28.20976650 -82.36393767    31.10   0.03    6   3   17.2  40.5 69.832  
2023-07-18 04:04:11.100000 28.20976700 -82.36393650    30.90   0.00    6   3   17.2  40.5 70.370  
2023-07-18 04:04:12.100000 28.20976717 -82.36393567    30.80   0.00    7   3   14.0  38.4 69.832  
2023-07-18 04:04:13.100000 28.20976767 -82.36393433    30.70   0.00    7   3   14.0  38.4 70.370  
2023-07-18 04:04:14 28.20976767 -82.36393367    30.70   0.04    7   3   14.0  38.4 70.370  
2023-07-18 04:04:15 28.20976883 -82.36393183    30.40   0.09    8   3   14.0  38.4 69.832  
2023-07-18 04:04:16.100000 28.20977100 -82.36392933    29.70   0.00    8   3   11.0  38.4 70.370  
2023-07-18 04:04:17.100000 28.20977067 -82.36392950    29.90   0.00    8   3   11.0  38.4 70.908  
2023-07-18 04:04:18.100000 28.20977033 -82.36392967    30.20   0.00    8   3   11.0  38.4 69.832  
2023-07-18 04:04:19 28.20977067 -82.36392900    30.20   0.03    8   3   11.0  38.4 70.370  
2023-07-18 04:04:20 28.20977167 -82.36392750    29.90   0.03    8   3   11.0  38.4 69.832  
2023-07-18 04:04:21.100000 28.20977250 -82.36392633    29.70   0.00    8   3   11.0  38.4 70.370  
2023-07-18 04:04:22.100000 28.20977250 -82.36392650    29.70   0.00    8   3   11.0  38.4 70.370  
2023-07-18 04:04:23.100000 28.20977317 -82.36392583    29.60   0.00    8   3   11.0  38.4 69.832  
2023-07-18 04:04:24 28.20977350 -82.36392550    29.60   0.02    8   3   11.0  38.4 69.832  
2023-07-18 04:04:25 28.20977350 -82.36392567    29.50   0.01    8   3   11.0  38.4 69.832  
2023-07-18 04:04:26.100000 28.20977433 -82.36392450    29.30   0.00    8   3   11.0  38.4 70.908  
2023-07-18 04:04:27.100000 28.20977483 -82.36392450    29.30   0.00    8   3   11.0  38.4 70.908  
2023-07-18 04:04:28.100000 28.20977500 -82.36392450    29.30   0.00    8   3   11.0  38.4 70.908  
2023-07-18 04:04:29 28.20977617 -82.36392367    29.10   0.06    8   3   11.0  38.4 70.908  
2023-07-18 04:04:30 28.20977750 -82.36392217    28.80   0.11    8   3   11.0  38.4 69.832  
2023-07-18 04:04:31.100000 28.20977783 -82.36392183    28.90   0.00    8   3   11.0  38.4 69.832  
2023-07-18 04:04:32.100000 28.20977900 -82.36392067    28.80   0.00    8   3   11.0  38.4 70.908  
2023-07-18 04:04:33.100000 28.20978033 -82.36391817    28.40   0.00    8   3   11.0  38.4 69.832  
2023-07-18 04:04:34 28.20978133 -82.36391667    28.00   0.05    8   3   11.0  38.4 69.832  
2023-07-18 04:04:35 28.20978183 -82.36391600    27.90   0.04    8   3   11.0  38.4 70.370  
2023-07-18 04:04:36.100000 28.20978200 -82.36391583    27.90   0.00    8   3   11.0  38.4 69.294  
2023-07-18 04:04:37.100000 28.20978200 -82.36391500    27.90   0.00    8   3   11.0  38.4 70.370  
2023-07-18 04:04:38.200000 28.20978167 -82.36391550    27.80   0.00    8   3   11.0  38.4 70.908  
2023-07-18 04:04:39 28.20978150 -82.36391583    27.60   0.00    8   3   11.0  38.4 70.908  
2023-07-18 04:04:40.100000 28.20978183 -82.36391533    27.50   0.00    8   3   11.0  38.4 70.370  
2023-07-18 04:04:41.100000 28.20978200 -82.36391483    27.40   0.00    8   3   11.0  38.4 70.908  
2023-07-18 04:04:42.100000 28.20978233 -82.36391417    27.10   0.00    8   3   11.0  38.4 70.908  
2023-07-18 04:04:43 28.20978250 -82.36391383    27.00   0.01    8   3   11.0  38.4 70.908  
2023-07-18 04:04:44 28.20978217 -82.36391450    26.90   0.01    8   3   11.0  38.4 70.908  
2023-07-18 04:04:45.100000 28.20978217 -82.36391450    26.90   0.00    8   3   11.0  38.4 70.370  
2023-07-18 04:04:46.100000 28.20978183 -82.36391483    26.90   0.00    8   3   11.0  38.4 69.832  
2023-07-18 04:04:47 28.20978150 -82.36391567    26.80   0.07    8   3   11.0  38.4 69.832  
2023-07-18 04:04:48 28.20978100 -82.36391700    26.80   0.05    8   3   11.0  38.4 69.832  
2023-07-18 04:04:49 28.20978050 -82.36391783    26.80   0.02    8   3   11.0  38.6 70.908  
2023-07-18 04:04:50.100000 28.20978033 -82.36391767    26.70   0.00    8   3   11.0  38.6 69.832  
2023-07-18 04:04:51.100000 28.20977967 -82.36391867    26.60   0.00    8   3   11.0  38.6 70.370  
2023-07-18 04:04:52 28.20977933 -82.36391933    26.60   0.05    8   3   11.0  38.6 70.370  
2023-07-18 04:04:53 28.20977917 -82.36391983    26.50   0.08    8   3   11.0  38.6 70.908  
2023-07-18 04:04:54.100000 28.20977900 -82.36391983    26.60   0.00    8   3   11.0  38.6 70.908  
2023-07-18 04:04:55.100000 28.20977800 -82.36392050    26.70   0.00    8   3   11.0  38.6 70.370  
2023-07-18 04:04:56.100000 28.20977750 -82.36392083    26.70   0.00    8   3   11.0  38.6 70.370  
2023-07-18 04:04:57 28.20977717 -82.36392100    26.60   0.02    8   3   11.0  38.6 70.370  
2023-07-18 04:04:58 28.20977633 -82.36392183    26.70   0.11    8   3   11.0  38.6 69.832  
2023-07-18 04:04:59.100000 28.20977583 -82.36392267    26.80   0.00    7   3   12.8  40.7 70.908  
2023-07-18 04:05:00.100000 28.20977533 -82.36392283    26.90   0.00    7   3   12.8  40.7 69.832  
2023-07-18 04:05:01 28.20977550 -82.36392217    26.80   0.01    7   3   12.8  40.7 69.832  
2023-07-18 04:05:02 28.20977467 -82.36392367    26.90   0.09    8   3   11.0  38.6 69.832  
2023-07-18 04:05:03 28.20977383 -82.36392517    27.10   0.04    8   3   11.0  38.6 69.832  
2023-07-18 04:05:04.100000 28.20977383 -82.36392433    27.10   0.00    7   3   12.8  40.7 69.832  
2023-07-18 04:05:05.100000 28.20977383 -82.36392450    27.00   0.00    7   3   12.8  40.7 70.908  
2023-07-18 04:05:06 28.20977367 -82.36392450    27.10   0.04    7   3   12.8  40.7 70.908  
2023-07-18 04:05:07 28.20977333 -82.36392483    27.20   0.02    7   3   12.8  40.7 70.370  
2023-07-18 04:05:08.100000 28.20977333 -82.36392500    27.20   0.00    7   3   12.8  40.7 70.908  
2023-07-18 04:05:09.100000 28.20977317 -82.36392567    27.30   0.00    7   3   12.8  40.7 69.832  
2023-07-18 04:05:10 28.20977283 -82.36392633    27.40   0.03    5   3   12.8  40.7 69.832  
2023-07-18 04:05:11 28.20977250 -82.36392717    27.50   0.05    7   3   12.8  40.7 70.908  
2023-07-18 04:05:12 28.20977167 -82.36392817    27.70   0.11    7   3   12.8  40.9 69.832  
2023-07-18 04:05:13.100000 28.20977100 -82.36392900    27.90   0.00    7   3   12.7  40.9 69.832  
2023-07-18 04:05:14.100000 28.20977017 -82.36393000    28.00   0.00    7   3   12.7  40.9 70.370  
2023-07-18 04:05:15 28.20977000 -82.36392983    27.90   0.03    7   3   12.7  40.9 70.908  
2023-07-18 04:05:16 28.20976950 -82.36393050    28.00   0.04    7   3   12.7  40.9 70.370  
2023-07-18 04:05:17.100000 28.20976850 -82.36393183    28.20   0.00    6   3   17.1  40.9 70.908  
2023-07-18 04:05:18.100000 28.20976783 -82.36393217    28.30   0.00    6   3   17.1  40.9 70.370  
2023-07-18 04:05:19.200000 28.20976767 -82.36393267    28.40   0.00    7   3   12.7  40.9 70.908  
2023-07-18 04:05:20 28.20976767 -82.36393217    28.20   0.06    7   3   12.7  40.9 70.908  
2023-07-18 04:05:21 28.20976767 -82.36393217    28.20   0.04    7   3   12.7  40.9 70.908  
2023-07-18 04:05:22.100000 28.20976700 -82.36393317    28.20   0.00    8   3   11.0  38.6 70.370  
2023-07-18 04:05:23.100000 28.20976700 -82.36393317    28.10   0.00    8   3   11.0  38.6 70.908  
2023-07-18 04:05:24.200000 28.20976605 -82.36393477    28.40   0.00    7   3   14.0  38.9 70.908  
2023-07-18 04:05:25 28.20976533 -82.36393567    28.70   0.04    7   3   14.0  38.9 70.908  
2023-07-18 04:05:26 28.20976433 -82.36393633    28.80   0.02    7   3   14.0  38.9 70.908  
2023-07-18 04:05:27.100000 28.20976400 -82.36393750    28.90   0.00    7   3   14.0  38.9 70.908  
2023-07-18 04:05:28.100000 28.20976317 -82.36393817    29.00   0.00    7   3   14.0  38.9 69.832  
2023-07-18 04:05:29 28.20976183 -82.36393950    29.20   0.03    7   3   14.0  38.9 69.832  
2023-07-18 04:05:30 28.20976117 -82.36394083    29.40   0.04    7   3   14.0  38.9 70.908  
2023-07-18 04:05:31 28.20976050 -82.36394183    29.40   0.03    7   3   14.0  38.9 70.908  
2023-07-18 04:05:32.100000 28.20976000 -82.36394250    29.40   0.00    7   3   14.0  38.9 70.908  
2023-07-18 04:05:33.100000 28.20976000 -82.36394217    29.30   0.00    7   3   14.0  38.9 69.832  
2023-07-18 04:05:34.200000 28.20975983 -82.36394217    29.30   0.00    7   3   14.0  38.9 70.908  
2023-07-18 04:05:35 28.20975950 -82.36394233    29.30   0.01    7   3   14.0  38.9 69.832  
2023-07-18 04:05:36 28.20975917 -82.36394233    29.30   0.01    7   3   14.0  38.9 70.908  
2023-07-18 04:05:37.100000 28.20975900 -82.36394233    29.30   0.00    7   3   14.0  38.9 70.908  
2023-07-18 04:05:38.100000 28.20975900 -82.36394217    29.30   0.00    7   3   14.1  38.9 70.370  
2023-07-18 04:05:39.200000 28.20975900 -82.36394067    29.10   0.00    7   3   14.1  38.6 70.908  
2023-07-18 04:05:40 28.20976050 -82.36393800    28.60   0.09    8   3   11.0  38.9 70.370  
2023-07-18 04:05:41 28.20976217 -82.36393500    28.10   0.12    8   3   11.0  38.9 70.908  
2023-07-18 04:05:42.100000 28.20976383 -82.36393150    27.70   0.00    8   3   11.0  38.9 70.370  
2023-07-18 04:05:43.100000 28.20976367 -82.36393033    27.50   0.00    7   3   14.1  38.9 70.370  
2023-07-18 04:05:44 28.20976367 -82.36392950    27.30   0.12    7   3   14.1  38.9 70.908  
2023-07-18 04:05:45.100000 28.20976383 -82.36392817    27.10   0.00    7   3   14.1  38.9 70.370  
2023-07-18 04:05:46.100000 28.20976333 -82.36392900    27.10   0.00    7   3   14.1  38.9 70.908  
2023-07-18 04:05:47.100000 28.20976283 -82.36392900    27.10   0.00    7   3   14.1  38.9 70.908  
2023-07-18 04:05:48 28.20976267 -82.36392867    27.00   0.10    7   3   14.1  38.9 70.908  
2023-07-18 04:05:49 28.20976183 -82.36392883    27.00   0.05    7   3   14.1  38.9 70.908  
2023-07-18 04:05:50.100000 28.20976100 -82.36392917    27.00   0.00    6   3   14.9  40.2 70.908  
2023-07-18 04:05:51.100000 28.20976000 -82.36392983    27.10   0.00    7   3   14.0  38.9 70.370  
2023-07-18 04:05:52.100000 28.20975867 -82.36393183    27.20   0.00    7   3   14.0  38.9 70.370  
2023-07-18 04:05:53 28.20975817 -82.36393233    27.30   0.05    7   3   14.0  38.9 69.832  
2023-07-18 04:05:54 28.20975700 -82.36393367    27.30   0.03    7   3   14.0  38.9 70.370  
2023-07-18 04:05:55.100000 28.20975617 -82.36393433    27.40   0.00    7   3   14.0  38.9 70.908  
2023-07-18 04:05:56.100000 28.20975567 -82.36393450    27.40   0.00    7   3   14.0  38.9 70.908  
2023-07-18 04:05:57.100000 28.20975450 -82.36393600    27.70   0.00    7   3   14.0  38.9 70.908  
2023-07-18 04:05:58 28.20975400 -82.36393700    28.00   0.03    7   3   14.0  38.9 70.370  
2023-07-18 04:05:59 28.20975317 -82.36393783    28.10   0.01    7   3   14.0  38.9 70.908  
2023-07-18 04:06:00 28.20975200 -82.36393917    28.30   0.03    7   3   14.0  38.9 70.908  
2023-07-18 04:06:01.100000 28.20975133 -82.36393933    28.40   0.00    7   3   14.0  38.9 70.908  
2023-07-18 04:06:02.100000 28.20975117 -82.36393917    28.40   0.00    7   3   14.0  38.9 70.370  
2023-07-18 04:06:03 28.20975067 -82.36393950    28.40   0.05    7   3   14.0  38.9 70.908  
2023-07-18 04:06:04 28.20975000 -82.36394033    28.40   0.04    8   3   11.0  38.9 70.908  
2023-07-18 04:06:05.100000 28.20975050 -82.36393900    28.20   0.00    8   3   11.0  38.9 70.370  
2023-07-18 04:06:06.100000 28.20975117 -82.36393767    28.00   0.00    8   3   11.0  38.9 70.370  
2023-07-18 04:06:07.100000 28.20975083 -82.36393750    27.90   0.00    8   3   11.0  38.9 70.370  
2023-07-18 04:06:08 28.20974967 -82.36393833    27.90   0.06    8   3   11.0  38.9 70.370  
2023-07-18 04:06:09 28.20974867 -82.36393950    28.00   0.08    8   3   11.0  38.9 70.908  
2023-07-18 04:06:10.100000 28.20974800 -82.36394083    28.30   0.00    8   3   11.1  38.9 70.908  
2023-07-18 04:06:11.100000 28.20974700 -82.36394233    28.60   0.00    8   3   11.1  38.9 70.908  
2023-07-18 04:06:12.100000 28.20974600 -82.36394317    28.70   0.00    8   3   11.1  38.9 70.908  
2023-07-18 04:06:13 28.20974517 -82.36394367    28.80   0.04    8   3   11.1  38.9 70.908  
2023-07-18 04:06:14 28.20974400 -82.36394517    29.00   0.07    8   3   11.1  38.9 70.908  
2023-07-18 04:06:15.100000 28.20974417 -82.36394450    29.00   0.00    8   3   11.1  38.9 69.832  
2023-07-18 04:06:16.100000 28.20974317 -82.36394583    29.30   0.00    8   3   11.1  38.9 70.370  
2023-07-18 04:06:17.100000 28.20974217 -82.36394733    29.40   0.00    8   3   11.1  38.9 70.908  
2023-07-18 04:06:18 28.20974133 -82.36394867    29.50   0.03    8   3   11.1  38.9 70.908  
2023-07-18 04:06:19 28.20974017 -82.36394983    29.70   0.04    8   3   11.1  38.9 69.832  
2023-07-18 04:06:20.100000 28.20973983 -82.36394983    29.70   0.00    8   3   11.1  38.9 70.370  
2023-07-18 04:06:21.100000 28.20973933 -82.36394950    29.70   0.00    8   3   11.1  38.9 70.908  
2023-07-18 04:06:22 28.20973900 -82.36394933    29.70   0.04    8   3   11.1  38.9 70.908  
2023-07-18 04:06:23 28.20973850 -82.36394967    29.80   0.07    8   3   11.1  38.9 70.908  
2023-07-18 04:06:24.100000 28.20973750 -82.36395067    30.00   0.00    8   3   11.1  38.9 70.908  
2023-07-18 04:06:25.100000 28.20973600 -82.36395300    30.40   0.00    8   3   11.1  38.9 70.908  
2023-07-18 04:06:26.100000 28.20973483 -82.36395450    30.60   0.00    8   3   11.1  38.9 69.832  
2023-07-18 04:06:27 28.20973333 -82.36395650    31.00   0.03    8   3   11.1  38.9 70.370  
2023-07-18 04:06:28 28.20973150 -82.36395917    31.40   0.05    8   3   11.1  38.9 70.908  
2023-07-18 04:06:29.100000 28.20972900 -82.36396300    32.00   0.00    8   3   11.1  38.9 70.908  
2023-07-18 04:06:30.100000 28.20972717 -82.36396550    32.40   0.00    8   3   11.1  38.9 70.370  
2023-07-18 04:06:31 28.20972550 -82.36396800    32.80   0.05    8   3   11.1  38.9 70.908  
2023-07-18 04:06:32 28.20972367 -82.36397083    33.30   0.08    8   3   11.1  39.1 70.370  
2023-07-18 04:06:33.100000 28.20972217 -82.36397267    33.60   0.00    8   3   11.1  39.1 70.908  
2023-07-18 04:06:34.100000 28.20972150 -82.36397367    33.70   0.00    8   3   11.1  39.1 70.370  
2023-07-18 04:06:35.100000 28.20972050 -82.36397517    33.90   0.00    8   3   11.1  39.1 70.908  
2023-07-18 04:06:36 28.20972033 -82.36397500    33.90   0.03    8   3   11.1  39.1 70.908  
2023-07-18 04:06:37 28.20972000 -82.36397567    34.00   0.03    8   3   11.1  39.1 70.370  
2023-07-18 04:06:38.100000 28.20971950 -82.36397650    34.10   0.00    8   3   11.1  39.1 70.908  
2023-07-18 04:06:39.100000 28.20971917 -82.36397717    34.30   0.00    8   3   11.1  39.1 70.370  
2023-07-18 04:06:40.100000 28.20971883 -82.36397767    34.40   0.00    8   3   11.1  39.1 70.370  
2023-07-18 04:06:41 28.20971833 -82.36397800    34.60   0.03    8   3   11.1  39.1 70.370  
2023-07-18 04:06:42 28.20971767 -82.36397900    34.80   0.05    8   3   11.1  39.1 70.370  
2023-07-18 04:06:43.100000 28.20971683 -82.36398050    35.10   0.00    8   3   11.1  39.1 70.908  
2023-07-18 04:06:44.100000 28.20971683 -82.36398100    35.20   0.00    8   3   11.1  39.1 70.908  
2023-07-18 04:06:45.100000 28.20971667 -82.36398117    35.30   0.00    8   3   11.1  39.1 70.908  
2023-07-18 04:06:46 28.20971683 -82.36398133    35.40   0.06    8   3   11.1  39.1 70.370  
2023-07-18 04:06:47 28.20971667 -82.36398167    35.50   0.04    8   3   11.1  39.1 70.370  
2023-07-18 04:06:48.100000 28.20971617 -82.36398283    35.60   0.00    8   3   11.1  39.1 70.908  
2023-07-18 04:06:49.100000 28.20971683 -82.36398267    35.50   0.00    8   3   11.1  39.1 70.908  
2023-07-18 04:06:50.100000 28.20971717 -82.36398250    35.40   0.00    8   3   11.1  39.1 70.908  
2023-07-18 04:06:51 28.20971733 -82.36398267    35.40   0.01    8   3   11.1  39.1 70.908  
2023-07-18 04:06:52 28.20971717 -82.36398300    35.40   0.02    8   3   11.1  39.1 70.908  
2023-07-18 04:06:53.100000 28.20971683 -82.36398333    35.40   0.00    8   3   11.1  39.1 70.908  
2023-07-18 04:06:54.100000 28.20971683 -82.36398283    35.40   0.00    8   3   11.1  39.1 70.370  
2023-07-18 04:06:55.100000 28.20971700 -82.36398250    35.40   0.00    8   3   11.1  39.1 70.908  
2023-07-18 04:06:56 28.20971700 -82.36398250    35.40   0.03    8   3   11.1  39.1 70.908  
2023-07-18 04:06:57 28.20971717 -82.36398283    35.40   0.03    8   3   11.1  39.1 70.908  
2023-07-18 04:06:58.100000 28.20971683 -82.36398317    35.60   0.00    8   3   11.1  39.1 70.908  
2023-07-18 04:06:59.100000 28.20971717 -82.36398317    35.70   0.00    8   3   11.1  39.1 70.908  
2023-07-18 04:07:00.100000 28.20971700 -82.36398383    35.80   0.00    8   3   11.1  39.1 70.908  
2023-07-18 04:07:01 28.20971700 -82.36398417    35.90   0.03    8   3   11.1  39.1 70.908  
2023-07-18 04:07:02 28.20971683 -82.36398450    36.00   0.05    8   3   11.1  39.1 70.908  
2023-07-18 04:07:03.100000 28.20971683 -82.36398433    36.00   0.00    8   3   11.1  39.1 70.370  
2023-07-18 04:07:04.100000 28.20971733 -82.36398333    36.10   0.00    8   3   11.1  39.1 69.832  
2023-07-18 04:07:05.100000 28.20971700 -82.36398350    36.10   0.00    8   3   11.1  39.1 70.908  
2023-07-18 04:07:06 28.20971733 -82.36398317    36.10   0.01    8   3   11.1  39.1 70.370  
2023-07-18 04:07:07 28.20971717 -82.36398317    36.10   0.01    8   3   11.1  39.1 70.908  
2023-07-18 04:07:08.100000 28.20971733 -82.36398300    36.20   0.00    8   3   11.1  39.1 70.908  
2023-07-18 04:07:09.100000 28.20971700 -82.36398317    36.30   0.00    8   3   11.1  39.1 70.908  
2023-07-18 04:07:10.100000 28.20971683 -82.36398267    36.30   0.00    8   3   11.1  39.1 69.832  
2023-07-18 04:07:11 28.20971683 -82.36398300    36.40   0.01    8   3   11.1  39.1 69.832  
2023-07-18 04:07:12 28.20971650 -82.36398367    36.60   0.06    8   3   11.1  39.1 69.832  
2023-07-18 04:07:13.100000 28.20971683 -82.36398383    36.60   0.00    8   3   11.1  39.1 70.908  
2023-07-18 04:07:14.100000 28.20971767 -82.36398333    36.70   0.00    8   3   11.1  39.1 70.908  
2023-07-18 04:07:15.100000 28.20971817 -82.36398317    36.80   0.00    8   3   11.1  39.1 71.446  
2023-07-18 04:07:16 28.20971833 -82.36398283    36.80   0.05    8   3   11.1  39.1 70.908  
2023-07-18 04:07:17 28.20971833 -82.36398317    36.90   0.05    8   3   11.1  39.1 70.908  
2023-07-18 04:07:18.100000 28.20971867 -82.36398283    36.90   0.00    8   3   11.1  39.1 70.908  
2023-07-18 04:07:19.100000 28.20971900 -82.36398283    37.10   0.00    8   3   11.1  39.1 70.908  
2023-07-18 04:07:20 28.20971983 -82.36398250    37.10   0.04    8   3   11.1  39.1 70.908  
2023-07-18 04:07:21 28.20971983 -82.36398317    37.30   0.02    8   3   11.1  39.1 70.908  
2023-07-18 04:07:22.100000 28.20972000 -82.36398300    37.50   0.00    8   3   11.1  39.1 70.370  
2023-07-18 04:07:23.100000 28.20972033 -82.36398333    37.70   0.00    8   3   11.1  39.1 69.832  
2023-07-18 04:07:24.200000 28.20972083 -82.36398417    37.70   0.00    8   3   11.1  39.3 69.832  
2023-07-18 04:07:25 28.20972133 -82.36398433    37.70   0.02    8   3   11.1  39.3 70.908  
2023-07-18 04:07:26 28.20972250 -82.36398400    37.80   0.06    8   3   11.1  39.3 70.370  
2023-07-18 04:07:27.100000 28.20972317 -82.36398417    37.90   0.00    8   3   11.1  39.3 70.908  
2023-07-18 04:07:28.100000 28.20972367 -82.36398433    38.00   0.00    8   3   11.1  39.3 70.370  
2023-07-18 04:07:29 28.20972400 -82.36398433    38.10   0.02    8   3   11.1  39.3 70.908  
2023-07-18 04:07:30 28.20972533 -82.36398367    38.20   0.06    8   3   11.1  39.3 70.908  
2023-07-18 04:07:31.100000 28.20972667 -82.36398300    38.20   0.00    8   3   11.1  39.3 70.908  
2023-07-18 04:07:32.100000 28.20972767 -82.36398267    38.30   0.00    8   3   11.1  39.3 70.908  
2023-07-18 04:07:33.100000 28.20972783 -82.36398317    38.40   0.00    8   3   11.1  39.3 70.908  
2023-07-18 04:07:34 28.20972833 -82.36398317    38.60   0.03    8   3   11.1  39.3 70.908  
2023-07-18 04:07:35 28.20972900 -82.36398300    38.60   0.03    8   3   11.1  39.3 70.908  
2023-07-18 04:07:36 28.20973017 -82.36398267    38.70   0.07    8   3   11.1  39.3 70.908  
2023-07-18 04:07:37.100000 28.20973150 -82.36398200    38.80   0.00    8   3   11.1  39.3 70.370  
2023-07-18 04:07:38.100000 28.20973267 -82.36398133    38.90   0.00    8   3   11.1  39.3 70.908  
2023-07-18 04:07:39 28.20973350 -82.36398050    38.90   0.03    8   3   11.1  39.3 70.908  
2023-07-18 04:07:40.100000 28.20973533 -82.36397933    38.90   0.00    8   3   11.1  39.3 70.908  
2023-07-18 04:07:41.100000 28.20973633 -82.36397867    38.90   0.00    8   3   11.1  39.3 70.908  
2023-07-18 04:07:42 28.20973700 -82.36397850    38.90   0.06    8   3   11.1  39.3 69.832  
2023-07-18 04:07:43 28.20973800 -82.36397783    38.80   0.03    8   3   11.1  39.3 70.908  
2023-07-18 04:07:44 28.20973917 -82.36397683    38.90   0.03    8   3   11.1  39.3 70.370  
2023-07-18 04:07:45.100000 28.20974067 -82.36397550    38.90   0.00    8   3   11.1  39.3 70.370  
2023-07-18 04:07:46.100000 28.20974200 -82.36397433    38.90   0.00    8   3   11.1  39.3 70.908  
2023-07-18 04:07:47 28.20974250 -82.36397367    38.90   0.04    8   3   11.1  39.3 70.908  
2023-07-18 04:07:48 28.20974350 -82.36397283    38.90   0.02    8   3   11.1  39.3 70.908  
2023-07-18 04:07:49 28.20974383 -82.36397267    38.90   0.04    8   3   11.1  39.3 69.832  
2023-07-18 04:07:50.100000 28.20974517 -82.36397133    39.00   0.00    8   3   11.1  39.3 70.908  
2023-07-18 04:07:51.100000 28.20974583 -82.36397083    39.00   0.00    8   3   11.1  39.3 70.908  
2023-07-18 04:07:52 28.20974633 -82.36397067    39.00   0.05    8   3   11.1  39.3 70.908  
2023-07-18 04:07:53 28.20974650 -82.36397083    38.90   0.04    8   3   11.1  39.3 70.908  
2023-07-18 04:07:54.100000 28.20974683 -82.36397083    38.90   0.00    8   3   11.1  39.3 70.908  
2023-07-18 04:07:55.100000 28.20974733 -82.36397067    38.90   0.00    8   3   11.1  39.3 70.908  
2023-07-18 04:07:56.100000 28.20974717 -82.36397067    38.80   0.00    8   3   11.1  39.3 70.908  
2023-07-18 04:07:57 28.20974733 -82.36397100    38.70   0.06    8   3   11.1  39.3 70.908  
2023-07-18 04:07:58 28.20974750 -82.36397050    38.60   0.03    8   3   11.1  39.3 70.908  
2023-07-18 04:07:59.100000 28.20974750 -82.36397017    38.50   0.00    8   3   11.1  39.3 70.908  
2023-07-18 04:08:00.200000 28.20974717 -82.36397017    38.40   0.00    8   3   11.1  39.3 70.908  
2023-07-18 04:08:01 28.20974667 -82.36396917    38.20   0.06    8   3   11.1  39.3 70.908  
2023-07-18 04:08:02 28.20974650 -82.36396833    38.10   0.01    8   3   11.1  39.3 70.908  
2023-07-18 04:08:03.100000 28.20974617 -82.36396733    37.90   0.00    8   3   11.1  39.3 69.832  
2023-07-18 04:08:04.100000 28.20974550 -82.36396650    37.80   0.00    8   3   11.1  39.3 70.908  
2023-07-18 04:08:05 28.20974517 -82.36396633    37.80   0.03    8   3   11.1  39.3 70.908  
2023-07-18 04:08:06 28.20974533 -82.36396567    37.80   0.01    8   3   11.1  39.3 70.908  
2023-07-18 04:08:07.100000 28.20974533 -82.36396517    37.70   0.00    8   3   11.1  39.3 70.908  
2023-07-18 04:08:08.100000 28.20974550 -82.36396433    37.80   0.00    8   3   11.1  39.3 70.908  
2023-07-18 04:08:09 28.20974533 -82.36396367    37.70   0.02    5   3   11.1  39.3 70.908  
2023-07-18 04:08:10 28.20974500 -82.36396350    37.70   0.04    8   3   11.1  39.3 70.908  
2023-07-18 04:08:11 28.20974467 -82.36396250    37.70   0.04    8   3   11.2  39.3 70.908  
2023-07-18 04:08:12.100000 28.20974417 -82.36396167    37.80   0.00    8   3   11.1  39.3 69.832  
2023-07-18 04:08:13.100000 28.20974417 -82.36396067    37.70   0.00    8   3   11.1  39.3 70.908  
2023-07-18 04:08:14 28.20974417 -82.36396000    37.60   0.07    8   3   11.1  39.3 70.908  
2023-07-18 04:08:15 28.20974400 -82.36395983    37.70   0.05    8   3   11.1  39.6 70.908  
2023-07-18 04:08:16.100000 28.20974433 -82.36395883    37.60   0.00    7   3   11.7  41.2 70.370  
2023-07-18 04:08:17.100000 28.20974417 -82.36395850    37.70   0.00    7   3   11.7  41.2 70.908  
2023-07-18 04:08:18.200000 28.20974417 -82.36395800    37.70   0.00    7   3   11.7  41.2 69.832  
2023-07-18 04:08:19 28.20974433 -82.36395767    37.60   0.03    7   3   11.7  41.2 70.908  
2023-07-18 04:08:20.100000 28.20974433 -82.36395733    37.50   0.00    7   3   11.7  41.2 70.908  
2023-07-18 04:08:21.100000 28.20974433 -82.36395750    37.40   0.00    7   3   11.7  41.2 70.908  
2023-07-18 04:08:22.100000 28.20974417 -82.36395733    37.30   0.00    7   3   11.7  41.2 70.908  
2023-07-18 04:08:23 28.20974400 -82.36395750    37.10   0.01    7   3   11.7  41.2 70.908  
2023-07-18 04:08:24 28.20974350 -82.36395733    36.90   0.04    7   3   11.7  41.2 70.908  
2023-07-18 04:08:25 28.20974300 -82.36395750    36.90   0.04    7   3   11.7  41.2 70.908  
2023-07-18 04:08:26.100000 28.20974250 -82.36395800    36.90   0.00    7   3   11.7  41.2 70.908  
2023-07-18 04:08:27.100000 28.20974233 -82.36395800    36.80   0.00    8   3   11.1  39.6 70.908  
2023-07-18 04:08:28 28.20974150 -82.36395817    36.60   0.04    8   3   11.1  39.6 70.908  
2023-07-18 04:08:29 28.20974100 -82.36395783    36.40   0.02    8   3   11.1  39.6 70.908  
2023-07-18 04:08:30.100000 28.20974000 -82.36395750    36.30   0.00    8   3   11.1  39.6 70.908  
2023-07-18 04:08:31.100000 28.20973983 -82.36395717    36.20   0.00    8   3   11.1  39.6 70.908  
2023-07-18 04:08:32 28.20973933 -82.36395717    36.10   0.03    8   3   11.1  39.6 70.908  
2023-07-18 04:08:33 28.20973917 -82.36395633    36.00   0.01    8   3   11.1  39.6 70.370  
2023-07-18 04:08:34.100000 28.20973833 -82.36395583    35.80   0.00    8   3   11.1  39.6 70.908  
2023-07-18 04:08:35.100000 28.20973833 -82.36395450    35.60   0.00    8   3   11.1  39.6 70.908  
2023-07-18 04:08:36 28.20973800 -82.36395383    35.50   0.02    8   3   11.1  39.6 70.908  
2023-07-18 04:08:37 28.20973883 -82.36395250    35.40   0.08    8   3   11.1  39.6 70.908  
2023-07-18 04:08:38.100000 28.20973883 -82.36395167    35.40   0.00    8   3   11.1  39.6 70.908  
2023-07-18 04:08:39.100000 28.20973817 -82.36395100    35.30   0.00    8   3   11.1  39.6 70.908  
2023-07-18 04:08:40.100000 28.20973850 -82.36394983    35.00   0.00    8   3   11.1  39.6 70.908  
2023-07-18 04:08:41 28.20973867 -82.36394900    34.90   0.06    8   3   11.1  39.6 70.908  
2023-07-18 04:08:42 28.20973867 -82.36394850    34.70   0.05    8   3   11.1  39.6 70.908  
2023-07-18 04:08:43.100000 28.20973833 -82.36394900    34.70   0.00    7   3   12.7  42.1 70.908  
2023-07-18 04:08:44.100000 28.20973800 -82.36394933    34.60   0.00    7   3   12.7  42.1 70.908  
2023-07-18 04:08:45 28.20973800 -82.36394933    34.60   0.02    7   3   12.7  42.1 70.908  
2023-07-18 04:08:46 28.20973800 -82.36394950    34.60   0.04    7   3   12.7  42.1 70.908  
2023-07-18 04:08:47.100000 28.20973833 -82.36394883    34.50   0.00    7   3   12.7  42.1 70.908  
2023-07-18 04:08:48.100000 28.20973883 -82.36394850    34.30   0.00    7   3   12.7  42.1 70.908  
2023-07-18 04:08:49.100000 28.20973950 -82.36394783    34.20   0.00    7   3   12.7  42.1 70.370  
2023-07-18 04:08:50 28.20974017 -82.36394783    34.00   0.04    7   3   12.7  42.1 70.370  
2023-07-18 04:08:51 28.20974067 -82.36394767    33.90   0.01    7   3   12.7  42.1 70.908  
2023-07-18 04:08:52.100000 28.20974100 -82.36394750    33.90   0.00    8   3   11.2  39.6 70.908  
2023-07-18 04:08:53.100000 28.20974117 -82.36394750    33.80   0.00    8   3   11.2  39.6 70.908  
2023-07-18 04:08:54.100000 28.20974150 -82.36394783    33.70   0.00    8   3   11.2  39.6 70.908  
2023-07-18 04:08:55 28.20974150 -82.36394850    33.70   0.03    8   3   11.2  39.6 70.908  
2023-07-18 04:08:56 28.20974167 -82.36394917    33.80   0.04    8   3   11.2  39.6 70.908  
2023-07-18 04:08:57.100000 28.20974117 -82.36395033    33.80   0.00    8   3   11.2  39.6 70.908  
2023-07-18 04:08:58.100000 28.20974133 -82.36395083    33.80   0.00    8   3   11.2  39.6 70.370  
2023-07-18 04:08:59.100000 28.20974133 -82.36395150    33.80   0.00    8   3   11.2  39.6 70.908  
2023-07-18 04:09:00 28.20974117 -82.36395150    33.70   0.01    8   3   11.2  39.6 70.908  
2023-07-18 04:09:01 28.20974150 -82.36395150    33.60   0.06    8   3   11.2  39.6 70.908  
2023-07-18 04:09:02.100000 28.20974183 -82.36395150    33.60   0.00    8   3   11.2  39.6 70.370  
2023-07-18 04:09:03.100000 28.20974167 -82.36395200    33.50   0.00    8   3   11.2  39.6 70.908  
2023-07-18 04:09:04.100000 28.20974183 -82.36395250    33.40   0.00    8   3   11.2  39.6 70.908  
2023-07-18 04:09:05 28.20974167 -82.36395317    33.50   0.03    8   3   11.2  39.6 70.908  
2023-07-18 04:09:06 28.20974167 -82.36395350    33.50   0.03    8   3   11.2  39.6 70.370  
2023-07-18 04:09:07.100000 28.20974167 -82.36395400    33.50   0.00    8   3   11.2  39.8 70.908  
2023-07-18 04:09:08.100000 28.20974167 -82.36395433    33.40   0.00    8   3   11.2  39.8 70.908  
2023-07-18 04:09:09.200000 28.20974167 -82.36395517    33.40   0.00    8   3   11.2  39.8 70.908  
2023-07-18 04:09:10 28.20974183 -82.36395533    33.40   0.03    8   3   11.2  39.8 70.908  
2023-07-18 04:09:11 28.20974183 -82.36395567    33.50   0.04    8   3   11.2  39.8 70.908  
2023-07-18 04:09:12.100000 28.20974183 -82.36395633    33.50   0.00    8   3   11.2  39.8 70.908  
2023-07-18 04:09:13.100000 28.20974167 -82.36395683    33.60   0.00    8   3   11.2  39.8 70.908  
2023-07-18 04:09:14 28.20974167 -82.36395700    33.60   0.03    8   3   11.2  39.8 70.908  
2023-07-18 04:09:15 28.20974167 -82.36395767    33.60   0.05    8   3   11.2  39.8 70.908  
2023-07-18 04:09:16 28.20974150 -82.36395817    33.60   0.04    8   3   11.2  39.8 70.370  
2023-07-18 04:09:17.100000 28.20974133 -82.36395900    33.70   0.00    8   3   11.2  39.8 70.908  
2023-07-18 04:09:18.100000 28.20974117 -82.36395967    33.70   0.00    8   3   11.2  39.8 70.908  
2023-07-18 04:09:19.200000 28.20974117 -82.36396000    33.70   0.00    8   3   11.2  39.8 70.370  
2023-07-18 04:09:20 28.20974117 -82.36395983    33.70   0.02    8   3   11.2  39.8 70.370  
2023-07-18 04:09:21 28.20974183 -82.36395983    33.70   0.03    8   3   11.2  39.8 70.908  
2023-07-18 04:09:22.100000 28.20974200 -82.36396017    33.70   0.00    8   3   11.2  39.8 70.908  
2023-07-18 04:09:23.100000 28.20974217 -82.36396033    33.70   0.00    8   3   11.2  39.8 70.908  
2023-07-18 04:09:24 28.20974200 -82.36396067    33.70   0.02    8   3   11.2  39.8 70.908  
2023-07-18 04:09:25 28.20974200 -82.36396067    33.80   0.05    8   3   11.2  39.8 70.370  
2023-07-18 04:09:26.100000 28.20974200 -82.36396100    33.80   0.00    8   3   11.2  39.8 70.908  
2023-07-18 04:09:27.100000 28.20974217 -82.36396100    33.80   0.00    8   3   11.2  39.8 70.908  
2023-07-18 04:09:28.100000 28.20974217 -82.36396117    33.80   0.00    8   3   11.2  39.8 70.908  
2023-07-18 04:09:29 28.20974233 -82.36396117    33.90   0.04    8   3   11.2  39.8 70.908  
2023-07-18 04:09:30 28.20974233 -82.36396117    33.80   0.02    8   3   11.2  39.8 70.908  
2023-07-18 04:09:31 28.20974217 -82.36396133    33.80   0.06    8   3   11.2  39.8 70.908  
2023-07-18 04:09:32.100000 28.20974200 -82.36396183    33.80   0.00    8   3   11.2  39.8 70.908  
2023-07-18 04:09:33.200000 28.20974250 -82.36396167    33.70   0.00    8   3   11.2  39.8 70.908  
2023-07-18 04:09:34 28.20974267 -82.36396200    33.70   0.01    8   3   11.2  39.8 70.908  
2023-07-18 04:09:35 28.20974283 -82.36396200    33.70   0.06    8   3   11.2  39.8 70.908  
2023-07-18 04:09:36.100000 28.20974267 -82.36396217    33.70   0.00    8   3   11.2  39.8 70.908  
2023-07-18 04:09:37.100000 28.20974267 -82.36396250    33.80   0.00    8   3   11.2  39.8 70.908  
2023-07-18 04:09:38 28.20974233 -82.36396300    33.80   0.03    8   3   11.2  39.8 70.908  
2023-07-18 04:09:39 28.20974233 -82.36396333    33.80   0.02    8   3   11.2  39.8 70.908  
2023-07-18 04:09:40 28.20974250 -82.36396350    33.80   0.03    8   3   11.2  39.8 70.908  
2023-07-18 04:09:41.100000 28.20974267 -82.36396350    33.80   0.00    8   3   11.2  39.8 70.908  
2023-07-18 04:09:42.100000 28.20974217 -82.36396417    33.90   0.00    8   3   11.2  39.8 70.908  
2023-07-18 04:09:43 28.20974200 -82.36396417    33.90   0.04    8   3   11.2  39.8 70.908  
2023-07-18 04:09:44 28.20974167 -82.36396450    33.90   0.01    8   3   11.2  39.8 70.370  
2023-07-18 04:09:45 28.20974150 -82.36396483    34.00   0.03    8   3   11.2  39.8 70.908  
2023-07-18 04:09:46.100000 28.20974100 -82.36396517    34.10   0.00    8   3   11.2  39.8 70.908  
2023-07-18 04:09:47.100000 28.20974067 -82.36396583    34.10   0.00    8   3   11.2  39.8 70.370  
2023-07-18 04:09:48 28.20974017 -82.36396617    34.10   0.05    8   3   11.2  39.8 70.370  
2023-07-18 04:09:49 28.20973967 -82.36396683    34.10   0.03    8   3   11.2  39.8 70.370  
2023-07-18 04:09:50.100000 28.20973933 -82.36396750    34.10   0.00    8   3   11.2  39.8 70.908  
2023-07-18 04:09:51.100000 28.20973950 -82.36396783    34.20   0.00    8   3   11.2  39.8 70.908  
2023-07-18 04:09:52.100000 28.20973967 -82.36396767    34.10   0.00    8   3   11.2  39.8 70.370  
2023-07-18 04:09:53 28.20973950 -82.36396783    34.00   0.04    8   3   11.2  39.8 70.370  
2023-07-18 04:09:54 28.20973933 -82.36396817    34.00   0.03    8   3   11.2  39.8 70.908  
2023-07-18 04:09:55.100000 28.20973900 -82.36396850    34.10   0.00    8   3   11.2  39.8 70.370  
2023-07-18 04:09:56.100000 28.20973900 -82.36396850    34.00   0.00    8   3   11.2  39.8 70.370  
2023-07-18 04:09:57.100000 28.20973867 -82.36396867    34.00   0.00    8   3   11.2  39.8 69.832  
2023-07-18 04:09:58 28.20973850 -82.36396867    34.00   0.03    8   3   11.2  39.8 69.832  
2023-07-18 04:09:59 28.20973817 -82.36396867    33.90   0.03    8   3   11.2  40.0 69.832  
2023-07-18 04:10:00 28.20973817 -82.36396900    33.90   0.07    8   3   11.2  40.0 70.370  
2023-07-18 04:10:01.100000 28.20973817 -82.36396850    33.90   0.00    8   3   11.2  40.0 69.832  
2023-07-18 04:10:02.100000 28.20973817 -82.36396833    33.90   0.00    8   3   11.2  40.0 69.832  
2023-07-18 04:10:03.100000 28.20973800 -82.36396850    33.90   0.00    8   3   11.2  40.0 69.294  
2023-07-18 04:10:04 28.20973800 -82.36396833    34.00   0.04    8   3   11.2  40.0 69.294  
2023-07-18 04:10:05 28.20973800 -82.36396833    34.10   0.01    8   3   11.2  40.0 68.756  
2023-07-18 04:10:06 28.20973783 -82.36396833    34.10   0.04    8   3   11.2  40.0 68.756  
2023-07-18 04:10:07.100000 28.20973800 -82.36396750    34.10   0.00    8   3   11.2  40.0 69.294  
2023-07-18 04:10:08.100000 28.20973817 -82.36396667    34.10   0.00    8   3   11.2  40.0 68.756  
2023-07-18 04:10:09.100000 28.20973817 -82.36396633    34.10   0.00    8   3   11.2  40.0 68.756  
2023-07-18 04:10:10 28.20973817 -82.36396583    33.90   0.05    8   3   11.2  40.0 69.294  
2023-07-18 04:10:11 28.20973883 -82.36396500    33.90   0.01    8   3   11.2  40.0 68.756  
2023-07-18 04:10:12.100000 28.20973917 -82.36396467    33.80   0.00    8   3   11.2  40.0 68.756  
2023-07-18 04:10:13.100000 28.20973933 -82.36396433    33.70   0.00    8   3   11.2  40.0 68.756  
2023-07-18 04:10:14.100000 28.20973950 -82.36396417    33.70   0.00    8   3   11.2  40.0 68.756  
2023-07-18 04:10:15 28.20973983 -82.36396400    33.80   0.01    8   3   11.2  40.0 68.756  
2023-07-18 04:10:16 28.20973983 -82.36396383    33.70   0.04    8   3   11.2  40.0 68.756  
2023-07-18 04:10:17 28.20974017 -82.36396350    33.60   0.01    8   3   11.2  40.0 68.756  
2023-07-18 04:10:18.100000 28.20974050 -82.36396250    33.60   0.00    8   3   11.2  40.0 69.294  
2023-07-18 04:10:19.100000 28.20974100 -82.36396167    33.50   0.00    8   3   11.2  40.0 68.756  
2023-07-18 04:10:20.200000 28.20974150 -82.36396050    33.50   0.00    8   3   11.2  40.0 67.680  
2023-07-18 04:10:21 28.20974183 -82.36395950    33.40   0.09    8   3   11.2  40.0 68.756  
2023-07-18 04:10:22 28.20974183 -82.36395917    33.40   0.01    8   3   11.2  40.0 68.756  
2023-07-18 04:10:23.100000 28.20974200 -82.36395817    33.30   0.00    8   3   11.2  40.0 68.756  
2023-07-18 04:10:24.100000 28.20974217 -82.36395767    33.10   0.00    8   3   11.2  40.0 68.756  
2023-07-18 04:10:25.100000 28.20974233 -82.36395717    33.00   0.00    8   3   11.2  40.0 68.756  
2023-07-18 04:10:26.200000 28.20974233 -82.36395700    33.00   0.00    8   3   11.2  40.0 68.756  
2023-07-18 04:10:27 28.20974250 -82.36395667    33.00   0.07    8   3   11.2  40.0 68.756  
2023-07-18 04:10:28 28.20974267 -82.36395633    33.00   0.02    8   3   11.2  40.0 68.756  
2023-07-18 04:10:29.100000 28.20974283 -82.36395633    32.90   0.00    8   3   11.2  40.0 68.756  
2023-07-18 04:10:30.100000 28.20974317 -82.36395550    32.80   0.00    8   3   11.2  40.0 68.756  
2023-07-18 04:10:31.100000 28.20974300 -82.36395583    32.80   0.00    8   3   11.2  40.0 68.756  
2023-07-18 04:10:32 28.20974250 -82.36395567    32.80   0.05    8   3   11.2  40.0 68.218  
2023-07-18 04:10:33 28.20974217 -82.36395633    32.80   0.16    8   3   11.2  40.0 68.218  
2023-07-18 04:10:34 28.20974250 -82.36395500    32.80   0.12    8   3   11.2  40.0 67.680  
2023-07-18 04:10:35.100000 28.20974317 -82.36395317    33.00   0.00    8   3   11.2  40.0 68.218  
2023-07-18 04:10:36.100000 28.20974350 -82.36395267    33.00   0.00    8   3   11.2  40.0 67.680  
2023-07-18 04:10:37.100000 28.20974400 -82.36395167    33.10   0.00    8   3   11.2  40.0 68.218  
2023-07-18 04:10:38 28.20974417 -82.36395133    33.10   0.01    8   3   11.2  40.0 68.756  
2023-07-18 04:10:39 28.20974417 -82.36395200    33.20   0.06    8   3   11.2  40.0 68.756  
