# Device: {'path': '/dev/ttyACM0', 'speed': 9600, 'driver': 'u-blox'}
      Date      HMS Lat          Lon            Elev    Speed Nsat Mode  Herr Verr Temp
2023-07-18 03:48:17.100000 28.20970300 -82.36381150    -0.80   0.00    3   3    0.0  23.0 67.680  
2023-07-18 03:48:18.100000 28.20970283 -82.36381167    -0.90   0.00    3   3    0.0  23.0 67.680  
2023-07-18 03:48:19.100000 28.20970267 -82.36381233    -1.00   0.00    3   3    0.0  23.0 67.680  
2023-07-18 03:48:20 28.20970267 -82.36381267    -0.80   0.00    3   3    0.0  23.0 68.218  
2023-07-18 03:48:21 28.20970233 -82.36381283    -1.20   0.00    3   3    0.0  23.0 67.680  
2023-07-18 03:48:22 28.20970250 -82.36381317    -1.50   0.00    3   3    0.0  23.0 68.218  
2023-07-18 03:48:23.100000 28.20970183 -82.36381450    -0.90   0.00    3   3    0.0  23.0 67.680  
2023-07-18 03:48:24.100000 28.20970100 -82.36381567    -1.50   0.00    3   3    0.0  23.0 67.680  
2023-07-18 03:48:25.100000 28.20970033 -82.36381683    -1.40   0.00    3   3    0.0  23.0 67.680  
2023-07-18 03:48:26 28.20969983 -82.36381750    -2.50   0.00    3   3    0.0  23.0 67.680  
2023-07-18 03:48:27 28.20974067 -82.36392650    21.90   0.00    4   3   25.1  44.9 68.218  
2023-07-18 03:48:28 28.20974050 -82.36392083    20.60   0.00    4   3   25.1  44.9 68.756  
2023-07-18 03:48:29.100000 28.20973567 -82.36392600    21.10   0.00    4   3   25.1  44.9 67.680  
2023-07-18 03:48:30.100000 28.20973533 -82.36393217    22.00   0.00    4   3   25.1  44.9 68.218  
2023-07-18 03:48:31.200000 28.20973667 -82.36393133    22.10   0.00    4   3   25.1  44.9 68.218  
2023-07-18 03:48:32 28.20973883 -82.36392917    21.80   0.00    4   3   25.1  44.9 67.680  
2023-07-18 03:48:33 28.20973967 -82.36393067    22.20   0.00    4   3   25.1  44.9 68.756  
2023-07-18 03:48:34.100000 28.20974017 -82.36393150    22.40   0.00    4   3   25.2  44.9 68.756  
2023-07-18 03:48:35.100000 28.20973933 -82.36393267    22.70   0.00    4   3   25.2  44.9 68.756  
2023-07-18 03:48:36 28.20974000 -82.36393350    22.90   0.00    4   3   24.9  44.9 68.218  
2023-07-18 03:48:37 28.20973950 -82.36393633    23.50   0.00    4   3   24.9  44.9 68.756  
2023-07-18 03:48:36.100000 28.20973850 -82.36393850    24.00   0.00    4   3   24.9  44.9 68.218  
2023-07-18 03:48:37.100000 28.20973833 -82.36393917    24.20   0.00    4   3   24.9  44.9 68.756  
2023-07-18 03:48:38.100000 28.20973917 -82.36393783    24.00   0.00    4   3   24.9  44.9 68.756  
2023-07-18 03:48:39 28.20974000 -82.36393683    23.80   0.00    4   3   24.9  44.9 68.756  
2023-07-18 03:48:40 28.20974017 -82.36393667    23.60   0.00    4   3   24.9  44.9 68.756  
2023-07-18 03:48:41 28.20973933 -82.36393767    23.70   0.00    4   3   25.0  44.9 68.756  
2023-07-18 03:48:42.100000 28.20973883 -82.36393833    23.70   0.00    4   3   25.0  44.9 69.294  
2023-07-18 03:48:43.100000 28.20973967 -82.36393767    23.50   0.00    4   3   25.0  44.9 69.294  
2023-07-18 03:48:44 28.20974033 -82.36393767    23.40   0.00    4   3   25.0  44.9 68.756  
2023-07-18 03:48:45 28.20974200 -82.36393633    23.10   0.00    4   3   25.0  44.9 68.756  
2023-07-18 03:48:46 28.20974233 -82.36393683    23.20   0.00    4   3   25.0  44.9 69.294  
2023-07-18 03:48:47.100000 28.20974217 -82.36393883    23.40   0.00    4   3   25.0  44.9 69.294  
2023-07-18 03:48:48.100000 28.20974317 -82.36393900    23.30   0.00    4   3   25.0  44.9 68.756  
2023-07-18 03:48:49.100000 28.20974333 -82.36393883    23.10   0.00    4   3   25.0  44.9 68.756  
2023-07-18 03:48:50 28.20974400 -82.36393850    23.00   0.00    4   3   25.0  44.9 68.756  
2023-07-18 03:48:51 28.20974483 -82.36393733    22.70   0.00    4   3   25.0  44.9 68.756  
2023-07-18 03:48:52 28.20974567 -82.36393733    22.80   0.00    4   3   25.0  44.9 68.756  
2023-07-18 03:48:53.100000 28.20974600 -82.36393733    22.80   0.00    4   3   25.0  44.9 68.756  
2023-07-18 03:48:54.100000 28.20974633 -82.36393717    22.70   0.00    4   3   25.0  44.9 68.756  
2023-07-18 03:48:55 28.20974667 -82.36393717    22.80   0.00    4   3   25.0  44.9 68.756  
2023-07-18 03:48:56 28.20974750 -82.36393683    22.80   0.00    4   3   25.0  44.9 68.756  
2023-07-18 03:48:57.100000 28.20974817 -82.36393650    22.80   0.00    4   3   25.0  44.9 68.756  
2023-07-18 03:48:58.100000 28.20974867 -82.36393567    22.80   0.00    4   3   25.0  44.9 69.294  
2023-07-18 03:48:59.100000 28.20974900 -82.36393433    22.70   0.00    4   3   25.0  44.9 68.756  
2023-07-18 03:49:00 28.20974950 -82.36393317    22.60   0.00    4   3   25.0  44.9 68.756  
2023-07-18 03:49:01 28.20975000 -82.36393233    22.50   0.00    4   3   25.0  44.9 68.756  
2023-07-18 03:49:02.100000 28.20975083 -82.36393200    22.50   0.00    4   3   25.0  44.9 68.756  
2023-07-18 03:49:03.100000 28.20975133 -82.36393183    22.40   0.00    4   3   25.0  44.9 68.756  
2023-07-18 03:49:04 28.20975183 -82.36393150    22.40   0.00    4   3   25.0  44.9 68.756  
2023-07-18 03:49:05 28.20975217 -82.36393083    22.30   0.00    4   3   25.0  44.9 68.218  
2023-07-18 03:49:06.100000 28.20975267 -82.36393100    22.50   0.00    4   3   25.0  44.9 68.756  
2023-07-18 03:49:07.100000 28.20975367 -82.36392983    22.40   0.00    4   3   25.0  44.9 68.756  
2023-07-18 03:49:08.200000 28.20975467 -82.36392950    22.30   0.00    4   3   25.0  44.9 69.294  
2023-07-18 03:49:09 28.20975450 -82.36392933    22.30   0.00    4   3   25.0  44.9 69.294  
2023-07-18 03:49:10 28.20975483 -82.36392900    22.30   0.00    4   3   25.0  44.9 69.294  
2023-07-18 03:49:11.100000 28.20975550 -82.36392850    22.30   0.00    4   3   25.0  44.9 69.294  
2023-07-18 03:49:12.100000 28.20975567 -82.36392850    22.30   0.00    4   3   25.0  44.9 69.294  
2023-07-18 03:49:13.200000 28.20975619 -82.36392803    22.29   0.00    4   3   25.0  44.9 69.294  
2023-07-18 03:49:14 28.20975617 -82.36392783    22.50   0.00    4   3   25.0  44.9 69.294  
2023-07-18 03:49:15.100000 28.20975650 -82.36392767    22.50   0.00    4   3   25.0  44.9 68.756  
2023-07-18 03:49:16.100000 28.20975683 -82.36392700    22.40   0.00    4   3   25.0  44.9 68.756  
2023-07-18 03:49:17.100000 28.20975650 -82.36392733    22.60   0.00    4   3   25.0  44.9 68.756  
2023-07-18 03:49:18 28.20975683 -82.36392733    22.70   0.00    4   3   25.0  44.9 68.756  
2023-07-18 03:49:19 28.20975733 -82.36392683    22.70   0.00    4   3   25.0  44.9 69.294  
2023-07-18 03:49:20.100000 28.20975750 -82.36392617    22.80   0.00    4   3   25.0  44.9 69.294  
2023-07-18 03:49:21.100000 28.20975800 -82.36392567    22.80   0.00    4   3   25.0  45.1 69.294  
2023-07-18 03:49:22 28.20975833 -82.36392500    22.80   0.00    4   3   25.0  45.1 69.294  
2023-07-18 03:49:23 28.20975833 -82.36392500    23.00   0.00    4   3   25.0  45.1 68.756  
2023-07-18 03:49:24 28.20975900 -82.36392417    22.90   0.00    4   3   25.0  45.1 68.756  
2023-07-18 03:49:25.100000 28.20975950 -82.36392400    23.00   0.00    4   3   25.0  45.1 68.756  
2023-07-18 03:49:26.100000 28.20975983 -82.36392383    23.10   0.00    4   3   25.0  45.1 69.294  
2023-07-18 03:49:27.200000 28.20976000 -82.36392300    23.00   0.00    4   3   25.0  45.1 69.294  
2023-07-18 03:49:28 28.20976050 -82.36392200    22.80   0.00    4   3   25.0  45.1 69.294  
2023-07-18 03:49:29 28.20976050 -82.36392250    23.00   0.00    4   3   25.0  45.1 68.756  
2023-07-18 03:49:30.100000 28.20976100 -82.36392233    23.00   0.00    4   3   25.0  45.1 68.756  
2023-07-18 03:49:31.100000 28.20976133 -82.36392200    22.90   0.00    4   3   25.0  45.1 69.294  
2023-07-18 03:49:32.100000 28.20976167 -82.36392200    23.00   0.00    4   3   25.0  45.1 68.756  
2023-07-18 03:49:33 28.20976200 -82.36392167    23.00   0.00    4   3   25.0  45.1 68.756  
2023-07-18 03:49:34 28.20976250 -82.36392083    23.00   0.00    4   3   25.0  45.1 69.294  
2023-07-18 03:49:35.100000 28.20976267 -82.36392017    23.10   0.00    4   3   25.0  45.1 68.756  
2023-07-18 03:49:36.100000 28.20976300 -82.36391967    23.10   0.00    4   3   25.0  45.1 69.294  
2023-07-18 03:49:37.100000 28.20976350 -82.36391900    23.10   0.00    4   3   25.0  45.1 69.294  
2023-07-18 03:49:38 28.20976367 -82.36391867    23.10   0.00    4   3   25.0  45.1 69.294  
2023-07-18 03:49:39 28.20976417 -82.36391833    23.10   0.00    4   3   25.0  45.1 69.294  
2023-07-18 03:49:40.100000 28.20976500 -82.36391767    23.00   0.00    4   3   25.0  45.1 69.832  
2023-07-18 03:49:41.100000 28.20976517 -82.36391733    23.00   0.00    4   3   25.0  45.1 69.294  
2023-07-18 03:49:42.100000 28.20976517 -82.36391783    23.10   0.00    4   3   25.0  45.1 68.756  
2023-07-18 03:49:43 28.20976567 -82.36391733    23.10   0.00    4   3   25.0  45.1 68.756  
2023-07-18 03:49:44 28.20976633 -82.36391617    23.00   0.00    4   3   25.0  45.1 69.294  
2023-07-18 03:49:45.100000 28.20976683 -82.36391517    23.00   0.00    4   3   25.0  45.1 68.756  
2023-07-18 03:49:46.100000 28.20976733 -82.36391450    23.00   0.00    4   3   25.0  45.1 69.294  
2023-07-18 03:49:47.200000 28.20976767 -82.36391417    23.00   0.00    4   3   25.0  45.1 69.294  
2023-07-18 03:49:48 28.20976767 -82.36391433    23.10   0.00    4   3   25.0  45.1 69.832  
2023-07-18 03:49:49 28.20976783 -82.36391433    23.10   0.00    4   3   25.0  45.1 69.294  
2023-07-18 03:49:50.100000 28.20976817 -82.36391417    23.20   0.00    4   3   25.0  45.1 68.756  
2023-07-18 03:49:51.100000 28.20976850 -82.36391433    23.20   0.00    4   3   25.0  45.1 68.756  
2023-07-18 03:49:52.100000 28.20976850 -82.36391417    23.30   0.00    4   3   25.0  45.1 69.294  
2023-07-18 03:49:53 28.20976883 -82.36391383    23.30   0.00    4   3   25.0  45.1 68.756  
2023-07-18 03:49:54 28.20976933 -82.36391367    23.30   0.00    4   3   25.0  45.1 69.294  
2023-07-18 03:49:55.100000 28.20976983 -82.36391317    23.30   0.00    4   3   25.0  45.1 69.832  
2023-07-18 03:49:56.100000 28.20976983 -82.36391283    23.40   0.00    4   3   25.0  45.1 68.756  
2023-07-18 03:49:57.200000 28.20976983 -82.36391250    23.40   0.00    4   3   25.0  45.1 69.294  
2023-07-18 03:49:58 28.20977000 -82.36391217    23.40   0.00    4   3   25.0  45.1 69.294  
2023-07-18 03:49:59 28.20977000 -82.36391200    23.40   0.00    4   3   25.0  45.1 68.756  
2023-07-18 03:50:00 28.20977017 -82.36391167    23.40   0.00    4   3   25.0  45.1 69.294  
2023-07-18 03:50:01.100000 28.20977050 -82.36391067    23.40   0.00    4   3   25.0  45.1 68.756  
2023-07-18 03:50:02.100000 28.20977083 -82.36390967    23.30   0.00    4   3   25.0  45.1 69.294  
2023-07-18 03:50:03 28.20977117 -82.36390900    23.20   0.00    4   3   25.0  45.1 69.294  
2023-07-18 03:50:04 28.20977150 -82.36390850    23.10   0.00    4   3   25.0  45.1 69.294  
2023-07-18 03:50:05 28.20977133 -82.36390833    23.10   0.00    4   3   25.0  45.1 68.756  
2023-07-18 03:50:06.100000 28.20977167 -82.36390783    23.00   0.00    4   3   25.0  45.1 69.294  
2023-07-18 03:50:07.100000 28.20977183 -82.36390733    23.00   0.00    4   3   25.0  45.1 69.294  
2023-07-18 03:50:08.100000 28.20977217 -82.36390683    22.90   0.00    4   3   25.0  45.1 68.756  
2023-07-18 03:50:09 28.20977217 -82.36390650    22.90   0.00    4   3   25.0  45.1 68.756  
2023-07-18 03:50:10 28.20977167 -82.36390683    23.00   0.00    4   3   24.8  45.1 69.294  
2023-07-18 03:50:11.100000 28.20977200 -82.36390667    22.90   0.00    4   3   24.8  45.1 68.756  
2023-07-18 03:50:12.100000 28.20977233 -82.36390683    22.90   0.00    4   3   24.8  45.1 68.756  
2023-07-18 03:50:13.100000 28.20977217 -82.36390683    22.80   0.00    4   3   24.8  45.1 68.756  
2023-07-18 03:50:14 28.20977200 -82.36390683    22.80   0.00    4   3   24.8  45.1 69.294  
2023-07-18 03:50:15 28.20977217 -82.36390667    22.80   0.00    4   3   24.8  45.1 69.294  
2023-07-18 03:50:16 28.20977233 -82.36390633    22.80   0.00    4   3   24.8  45.1 69.294  
2023-07-18 03:50:17.100000 28.20977250 -82.36390600    22.80   0.00    4   3   24.8  45.1 69.832  
2023-07-18 03:50:18.100000 28.20977250 -82.36390567    22.80   0.00    4   3   24.8  45.1 69.832  
2023-07-18 03:50:19.100000 28.20977267 -82.36390567    22.80   0.00    4   3   24.8  45.3 68.756  
2023-07-18 03:50:20 28.20977267 -82.36390583    22.80   0.00    4   3   24.8  45.3 68.756  
2023-07-18 03:50:21 28.20977283 -82.36390583    22.90   0.00    4   3   24.8  45.3 68.756  
2023-07-18 03:50:22.100000 28.20977300 -82.36390533    22.80   0.00    4   3   24.8  45.3 69.294  
2023-07-18 03:50:23.100000 28.20977333 -82.36390517    22.90   0.00    4   3   24.8  45.3 69.294  
2023-07-18 03:50:24.100000 28.20977333 -82.36390550    22.90   0.00    4   3   24.8  45.3 68.756  
2023-07-18 03:50:25 28.20977317 -82.36390617    22.90   0.00    4   3   24.8  45.3 68.756  
2023-07-18 03:50:26 28.20977300 -82.36390700    22.90   0.00    4   3   24.8  45.3 69.294  
2023-07-18 03:50:27.100000 28.20977300 -82.36390817    23.10   0.00    4   3   24.8  45.3 69.832  
2023-07-18 03:50:28.100000 28.20977267 -82.36390933    23.20   0.00    4   3   24.8  45.3 69.294  
2023-07-18 03:50:29.100000 28.20977283 -82.36390983    23.20   0.00    4   3   24.8  45.3 68.756  
2023-07-18 03:50:30 28.20977300 -82.36390983    23.20   0.00    4   3   24.8  45.3 68.756  
2023-07-18 03:50:31 28.20977317 -82.36391017    23.30   0.00    4   3   24.8  45.3 69.294  
2023-07-18 03:50:32 28.20977350 -82.36391017    23.30   0.00    4   3   24.8  45.3 69.832  
2023-07-18 03:50:33.100000 28.20977333 -82.36391083    23.30   0.00    4   3   24.8  45.3 69.294  
2023-07-18 03:50:34.100000 28.20977350 -82.36391117    23.30   0.00    4   3   24.8  45.3 69.294  
2023-07-18 03:50:35 28.20977333 -82.36391167    23.30   0.00    4   3   24.9  45.3 68.756  
2023-07-18 03:50:36 28.20977333 -82.36391200    23.30   0.00    4   3   24.9  45.3 69.294  
2023-07-18 03:50:37 28.20977333 -82.36391233    23.30   0.00    4   3   24.9  45.3 69.294  
2023-07-18 03:50:38.100000 28.20977333 -82.36391233    23.40   0.00    4   3   24.9  45.3 69.294  
2023-07-18 03:50:39.100000 28.20977367 -82.36391250    23.40   0.00    4   3   24.9  45.3 69.294  
2023-07-18 03:50:40 28.20977383 -82.36391233    23.40   0.00    4   3   24.9  45.3 69.832  
2023-07-18 03:50:41 28.20977400 -82.36391267    23.50   0.00    4   3   24.9  45.3 69.294  
2023-07-18 03:50:42 28.20977400 -82.36391317    23.70   0.00    4   3   24.9  45.3 69.294  
2023-07-18 03:50:43.100000 28.20977450 -82.36391317    23.80   0.00    4   3   24.9  45.3 69.832  
2023-07-18 03:50:44.100000 28.20977483 -82.36391367    23.90   0.00    4   3   24.9  45.3 69.294  
2023-07-18 03:50:45 28.20977533 -82.36391417    24.00   0.00    4   3   24.9  45.3 69.294  
2023-07-18 03:50:46 28.20977567 -82.36391450    24.10   0.00    4   3   24.9  45.3 69.294  
2023-07-18 03:50:47 28.20977650 -82.36391467    24.20   0.00    4   3   24.9  45.3 69.294  
2023-07-18 03:50:48.100000 28.20977667 -82.36391517    24.40   0.00    4   3   24.9  45.3 68.756  
2023-07-18 03:50:49.100000 28.20977683 -82.36391550    24.50   0.00    4   3   24.9  45.3 69.832  
2023-07-18 03:50:50 28.20977683 -82.36391617    24.60   0.00    4   3   24.9  45.3 69.832  
2023-07-18 03:50:51 28.20977717 -82.36391667    24.70   0.00    4   3   24.9  45.3 69.832  
2023-07-18 03:50:52 28.20977867 -82.36391750    25.00   0.00    4   3   24.9  45.3 69.832  
2023-07-18 03:50:53.100000 28.20977833 -82.36391767    25.00   0.00    4   3   24.9  45.3 69.832  
2023-07-18 03:50:54.100000 28.20977817 -82.36391800    25.00   0.00    4   3   24.9  45.3 69.832  
2023-07-18 03:50:55 28.20977850 -82.36391767    24.90   0.00    4   3   24.9  45.3 69.832  
2023-07-18 03:50:56 28.20977850 -82.36391733    24.80   0.00    4   3   24.9  45.3 69.294  
2023-07-18 03:50:57 28.20977817 -82.36391750    24.80   0.00    4   3   24.9  45.3 69.832  
2023-07-18 03:50:58.100000 28.20977800 -82.36391800    24.80   0.00    4   3   24.9  45.3 69.294  
2023-07-18 03:50:59.100000 28.20977833 -82.36391817    24.80   0.00    4   3   24.9  45.3 69.294  
2023-07-18 03:51:00 28.20977817 -82.36391900    25.00   0.00    4   3   24.9  45.3 69.294  
2023-07-18 03:51:01 28.20977733 -82.36392033    25.10   0.00    4   3   24.9  45.3 69.294  
2023-07-18 03:51:02 28.20977683 -82.36392167    25.30   0.00    4   3   24.9  45.3 69.832  
2023-07-18 03:51:03.100000 28.20977633 -82.36392300    25.60   0.00    4   3   24.9  45.3 69.832  
2023-07-18 03:51:04.100000 28.20977567 -82.36392417    25.80   0.00    4   3   24.9  45.3 68.756  
2023-07-18 03:51:05 28.20977467 -82.36392533    26.10   0.00    4   3   24.9  45.3 69.832  
2023-07-18 03:51:06 28.20977367 -82.36392600    26.20   0.00    4   3   24.9  45.3 68.756  
2023-07-18 03:51:07 28.20977333 -82.36392633    26.20   0.00    4   3   24.9  45.3 69.294  
2023-07-18 03:51:08.100000 28.20977300 -82.36392733    26.30   0.00    4   3   24.9  45.3 69.832  
2023-07-18 03:51:09.100000 28.20977250 -82.36392817    26.40   0.00    4   3   24.9  45.3 69.294  
2023-07-18 03:51:10.100000 28.20977233 -82.36392933    26.50   0.00    4   3   24.9  45.3 69.294  
2023-07-18 03:51:11 28.20977183 -82.36393033    26.70   0.00    4   3   24.9  45.3 68.756  
2023-07-18 03:51:12 28.20977167 -82.36393217    27.00   0.00    4   3   24.9  45.3 68.756  
2023-07-18 03:51:13 28.20977167 -82.36393433    27.30   0.00    4   3   24.9  45.3 69.294  
2023-07-18 03:51:14.100000 28.20977067 -82.36393750    27.80   0.00    4   3   24.7  45.5 68.756  
2023-07-18 03:51:15.100000 28.20977017 -82.36394033    28.20   0.00    4   3   24.7  45.5 69.832  
2023-07-18 03:51:16 28.20976883 -82.36394267    28.50   0.00    4   3   24.7  45.5 69.294  
2023-07-18 03:51:17 28.20976850 -82.36394467    28.70   0.00    4   3   24.7  45.5 69.832  
2023-07-18 03:51:18 28.20976767 -82.36394650    28.90   0.00    4   3   24.7  45.5 69.832  
2023-07-18 03:51:19.100000 28.20976700 -82.36394867    29.20   0.00    4   3   24.7  45.5 69.832  
2023-07-18 03:51:20.100000 28.20976667 -82.36395017    29.50   0.00    4   3   24.7  45.5 69.832  
2023-07-18 03:51:21.100000 28.20976650 -82.36395183    29.70   0.00    4   3   24.7  45.5 69.294  
2023-07-18 03:51:22 28.20976750 -82.36395400    30.20   0.00    4   3   24.7  45.5 69.832  
2023-07-18 03:51:23 28.20976617 -82.36395467    30.30   0.00    4   3   24.7  45.5 69.832  
2023-07-18 03:51:24.100000 28.20976550 -82.36395550    30.50   0.00    4   3   24.8  45.5 69.294  
2023-07-18 03:51:25.100000 28.20976550 -82.36395600    30.60   0.00    4   3   24.8  45.5 69.294  
2023-07-18 03:51:26.100000 28.20976583 -82.36395717    30.80   0.00    4   3   24.8  45.5 69.294  
2023-07-18 03:51:27 28.20976617 -82.36395900    31.20   0.00    4   3   24.8  45.5 69.294  
2023-07-18 03:51:28 28.20976667 -82.36396067    31.50   0.00    4   3   24.8  45.5 69.294  
2023-07-18 03:51:29.100000 28.20976733 -82.36396233    31.90   0.00    4   3   24.8  45.5 69.294  
2023-07-18 03:51:30.100000 28.20976733 -82.36396300    32.10   0.00    4   3   24.8  45.5 69.294  
2023-07-18 03:51:31.100000 28.20976600 -82.36396283    32.10   0.00    4   3   24.8  45.5 69.832  
2023-07-18 03:51:32 28.20976600 -82.36396433    32.40   0.00    4   3   24.8  45.5 69.294  
2023-07-18 03:51:33 28.20976517 -82.36396533    32.60   0.00    4   3   24.8  45.5 69.832  
2023-07-18 03:51:34 28.20976250 -82.36396483    32.30   0.00    4   3   24.8  45.5 69.832  
2023-07-18 03:51:35.100000 28.20976067 -82.36396483    32.20   0.00    4   3   24.8  45.5 69.294  
2023-07-18 03:51:36.100000 28.20976050 -82.36396600    32.40   0.00    4   3   24.8  45.5 69.832  
2023-07-18 03:51:37 28.20976133 -82.36396583    32.50   0.00    4   3   24.8  45.5 69.294  
2023-07-18 03:51:38 28.20976133 -82.36396600    32.50   0.00    4   3   24.8  45.5 69.294  
2023-07-18 03:51:39 28.20975967 -82.36396483    32.10   0.00    4   3   24.8  45.5 69.832  
2023-07-18 03:51:40.100000 28.20975817 -82.36396367    31.70   0.00    4   3   24.8  45.5 69.294  
2023-07-18 03:51:41.100000 28.20975917 -82.36396383    31.90   0.00    4   3   24.8  45.5 69.294  
2023-07-18 03:51:42.100000 28.20975817 -82.36396167    31.30   0.00    4   3   24.8  45.5 69.294  
2023-07-18 03:51:43 28.20975800 -82.36396217    31.30   0.00    4   3   24.8  45.5 69.832  
2023-07-18 03:51:44 28.20975850 -82.36396350    31.60   0.00    4   3   24.8  45.5 69.832  
2023-07-18 03:51:45 28.20975700 -82.36396217    31.20   0.00    4   3   24.8  45.5 69.294  
2023-07-18 03:51:46.100000 28.20975500 -82.36396033    30.70   0.00    4   3   24.8  45.5 68.756  
2023-07-18 03:51:47.100000 28.20975367 -82.36396050    30.70   0.00    4   3   24.5  45.5 69.294  
2023-07-18 03:51:48 28.20975317 -82.36396100    30.80   0.00    4   3   24.5  45.5 69.832  
2023-07-18 03:51:49 28.20975367 -82.36396133    31.00   0.00    4   3   24.5  45.5 69.294  
2023-07-18 03:51:50 28.20975500 -82.36396317    31.50   0.00    4   3   24.5  45.5 69.294  
2023-07-18 03:51:51.100000 28.20975667 -82.36396367    31.70   0.00    4   3   24.5  45.5 69.294  
2023-07-18 03:51:52.100000 28.20975683 -82.36396250    31.40   0.00    4   3   24.5  45.5 69.832  
2023-07-18 03:51:53 28.20975583 -82.36396000    30.70   0.00    4   3   24.5  45.5 69.832  
2023-07-18 03:51:54 28.20975600 -82.36395933    30.60   0.00    4   3   24.5  45.5 69.294  
2023-07-18 03:51:55 28.20975683 -82.36395850    30.50   0.00    4   3   24.5  45.5 69.832  
2023-07-18 03:51:56.100000 28.20975850 -82.36395950    30.80   0.00    4   3   24.5  45.5 70.370  
2023-07-18 03:51:57.100000 28.20975833 -82.36395750    30.30   0.00    4   3   24.5  45.5 69.294  
2023-07-18 03:51:58 28.20975850 -82.36395633    30.10   0.00    4   3   24.5  45.5 69.832  
2023-07-18 03:51:59 28.20976000 -82.36395750    30.50   0.00    4   3   24.5  45.5 69.294  
2023-07-18 03:52:00 28.20975850 -82.36395433    29.60   0.00    4   3   24.5  45.5 69.832  
2023-07-18 03:52:01.100000 28.20975767 -82.36395250    29.10   0.00    4   3   24.5  45.5 69.832  
2023-07-18 03:52:02.100000 28.20975900 -82.36395183    27.60   0.00    4   3   24.5  23.0 69.294  
2023-07-18 03:52:03.200000 28.20975783 -82.36394450    25.50   0.00    3   3    0.0  23.0 69.832  
2023-07-18 03:52:04 28.20975717 -82.36393917    24.10   0.00    3   3    0.0  23.0 69.832  
2023-07-18 03:52:05 28.20975633 -82.36393300    23.40   0.00    3   3    0.0  23.0 69.294  
2023-07-18 03:52:06.100000 28.20975533 -82.36392700    22.50   0.00    3   3    0.0  23.0 69.832  
2023-07-18 03:52:07.100000 28.20975417 -82.36392200    21.90   0.00    3   3    0.0  23.0 69.832  
2023-07-18 03:52:08 28.20975383 -82.36392167    22.90   0.00    4   3   24.2  45.8 69.832  
2023-07-18 03:52:09 28.20975350 -82.36392000    21.40   0.00    4   3   24.2  23.0 69.294  
2023-07-18 03:52:10 28.20975317 -82.36391567    19.50   0.00    3   3    0.0  23.0 69.832  
2023-07-18 03:52:11.100000 28.20975250 -82.36391117    18.80   0.00    3   3    0.0  23.0 69.832  
